#  INPUT FOR RADIATIVE TRANSFER PROGRAM DAP
#  ~~~~~~~~~~~~~~~~~~~~~~~~~~~~~~~~~~~~~~~~~~~~~~~~~~~~~~~~~~~~~~~~~~~~~~
#  GENERAL PARAMETERS
#  ~~~~~~~~~~~~~~~~~~~~~~~~~~~~~~~~~~~~~~~~~~~~~~~~~~~~~~~~~~~~~~~~~~~~~~
#  3                 :size of Stokes parameters (1, 3, or 4)
#  20                :number of Gauss points
#  0.00              :depolarization factor (H2, see Hansen&Travis 1974)
#  0.0               :wavelength (in microns)
#
#  ~~~~~~~~~~~~~~~~~~~~~~~~~~~~~~~~~~~~~~~~~~~~~~~~~~~~~~~~~~~~~~~~~~~~~~
#  AEROSOL PARAMETERS
#  ~~~~~~~~~~~~~~~~~~~~~~~~~~~~~~~~~~~~~~~~~~~~~~~~~~~~~~~~~~~~~~~~~~~~~~
#  0                :number of aerosol types (max. 6)
#
#  ~~~~~~~~~~~~~~~~~~~~~~~~~~~~~~~~~~~~~~~~~~~~~~~~~~~~~~~~~~~~~~~~~~~~~~
#  LAYER PARAMETERS
#  ~~~~~~~~~~~~~~~~~~~~~~~~~~~~~~~~~~~~~~~~~~~~~~~~~~~~~~~~~~~~~~~~~~~~~~
#  0               :number of atmospheric levels (from bottom to top)
#  0                :level of reflecting surface (bottom atmosphere)
#  1.00               :albedo of reflecting level (bottom atmosphere)
  3
 21
  0.34357004E-02     0.88070036E-02
  0.18014036E-01     0.20300715E-01
  0.43882786E-01     0.31336024E-01
  0.80441514E-01     0.41638371E-01
  0.12683405E+00     0.50965060E-01
  0.18197316E+00     0.59097266E-01
  0.24456650E+00     0.65844319E-01
  0.31314696E+00     0.71048055E-01
  0.38610707E+00     0.74586493E-01
  0.46173674E+00     0.76376694E-01
  0.53826326E+00     0.76376694E-01
  0.61389293E+00     0.74586493E-01
  0.68685304E+00     0.71048055E-01
  0.75543350E+00     0.65844319E-01
  0.81802684E+00     0.59097266E-01
  0.87316595E+00     0.50965060E-01
  0.91955849E+00     0.41638371E-01
  0.95611721E+00     0.31336024E-01
  0.98198596E+00     0.20300715E-01
  0.99656430E+00     0.88070036E-02
  0.10000000E+01     0.50000000E+00
   0    1    1    0.10000000E+01   0.00000000E+00   0.00000000E+00
   0    1    2    0.10000000E+01   0.00000000E+00   0.00000000E+00
   0    1    3    0.10000000E+01   0.00000000E+00   0.00000000E+00
   0    1    4    0.10000000E+01   0.00000000E+00   0.00000000E+00
   0    1    5    0.10000000E+01   0.00000000E+00   0.00000000E+00
   0    1    6    0.10000000E+01   0.00000000E+00   0.00000000E+00
   0    1    7    0.10000000E+01   0.00000000E+00   0.00000000E+00
   0    1    8    0.10000000E+01   0.00000000E+00   0.00000000E+00
   0    1    9    0.10000000E+01   0.00000000E+00   0.00000000E+00
   0    1   10    0.10000000E+01   0.00000000E+00   0.00000000E+00
   0    1   11    0.10000000E+01   0.00000000E+00   0.00000000E+00
   0    1   12    0.10000000E+01   0.00000000E+00   0.00000000E+00
   0    1   13    0.10000000E+01   0.00000000E+00   0.00000000E+00
   0    1   14    0.10000000E+01   0.00000000E+00   0.00000000E+00
   0    1   15    0.10000000E+01   0.00000000E+00   0.00000000E+00
   0    1   16    0.10000000E+01   0.00000000E+00   0.00000000E+00
   0    1   17    0.10000000E+01   0.00000000E+00   0.00000000E+00
   0    1   18    0.10000000E+01   0.00000000E+00   0.00000000E+00
   0    1   19    0.10000000E+01   0.00000000E+00   0.00000000E+00
   0    1   20    0.10000000E+01   0.00000000E+00   0.00000000E+00
   0    1   21    0.10000000E+01   0.00000000E+00   0.00000000E+00
   0    2    1    0.10000000E+01   0.00000000E+00   0.00000000E+00
   0    2    2    0.10000000E+01   0.00000000E+00   0.00000000E+00
   0    2    3    0.10000000E+01   0.00000000E+00   0.00000000E+00
   0    2    4    0.10000000E+01   0.00000000E+00   0.00000000E+00
   0    2    5    0.10000000E+01   0.00000000E+00   0.00000000E+00
   0    2    6    0.10000000E+01   0.00000000E+00   0.00000000E+00
   0    2    7    0.10000000E+01   0.00000000E+00   0.00000000E+00
   0    2    8    0.10000000E+01   0.00000000E+00   0.00000000E+00
   0    2    9    0.10000000E+01   0.00000000E+00   0.00000000E+00
   0    2   10    0.10000000E+01   0.00000000E+00   0.00000000E+00
   0    2   11    0.10000000E+01   0.00000000E+00   0.00000000E+00
   0    2   12    0.10000000E+01   0.00000000E+00   0.00000000E+00
   0    2   13    0.10000000E+01   0.00000000E+00   0.00000000E+00
   0    2   14    0.10000000E+01   0.00000000E+00   0.00000000E+00
   0    2   15    0.10000000E+01   0.00000000E+00   0.00000000E+00
   0    2   16    0.10000000E+01   0.00000000E+00   0.00000000E+00
   0    2   17    0.10000000E+01   0.00000000E+00   0.00000000E+00
   0    2   18    0.10000000E+01   0.00000000E+00   0.00000000E+00
   0    2   19    0.10000000E+01   0.00000000E+00   0.00000000E+00
   0    2   20    0.10000000E+01   0.00000000E+00   0.00000000E+00
   0    2   21    0.10000000E+01   0.00000000E+00   0.00000000E+00
   0    3    1    0.10000000E+01   0.00000000E+00   0.00000000E+00
   0    3    2    0.10000000E+01   0.00000000E+00   0.00000000E+00
   0    3    3    0.10000000E+01   0.00000000E+00   0.00000000E+00
   0    3    4    0.10000000E+01   0.00000000E+00   0.00000000E+00
   0    3    5    0.10000000E+01   0.00000000E+00   0.00000000E+00
   0    3    6    0.10000000E+01   0.00000000E+00   0.00000000E+00
   0    3    7    0.10000000E+01   0.00000000E+00   0.00000000E+00
   0    3    8    0.10000000E+01   0.00000000E+00   0.00000000E+00
   0    3    9    0.10000000E+01   0.00000000E+00   0.00000000E+00
   0    3   10    0.10000000E+01   0.00000000E+00   0.00000000E+00
   0    3   11    0.10000000E+01   0.00000000E+00   0.00000000E+00
   0    3   12    0.10000000E+01   0.00000000E+00   0.00000000E+00
   0    3   13    0.10000000E+01   0.00000000E+00   0.00000000E+00
   0    3   14    0.10000000E+01   0.00000000E+00   0.00000000E+00
   0    3   15    0.10000000E+01   0.00000000E+00   0.00000000E+00
   0    3   16    0.10000000E+01   0.00000000E+00   0.00000000E+00
   0    3   17    0.10000000E+01   0.00000000E+00   0.00000000E+00
   0    3   18    0.10000000E+01   0.00000000E+00   0.00000000E+00
   0    3   19    0.10000000E+01   0.00000000E+00   0.00000000E+00
   0    3   20    0.10000000E+01   0.00000000E+00   0.00000000E+00
   0    3   21    0.10000000E+01   0.00000000E+00   0.00000000E+00
   0    4    1    0.10000000E+01   0.00000000E+00   0.00000000E+00
   0    4    2    0.10000000E+01   0.00000000E+00   0.00000000E+00
   0    4    3    0.10000000E+01   0.00000000E+00   0.00000000E+00
   0    4    4    0.10000000E+01   0.00000000E+00   0.00000000E+00
   0    4    5    0.10000000E+01   0.00000000E+00   0.00000000E+00
   0    4    6    0.10000000E+01   0.00000000E+00   0.00000000E+00
   0    4    7    0.10000000E+01   0.00000000E+00   0.00000000E+00
   0    4    8    0.10000000E+01   0.00000000E+00   0.00000000E+00
   0    4    9    0.10000000E+01   0.00000000E+00   0.00000000E+00
   0    4   10    0.10000000E+01   0.00000000E+00   0.00000000E+00
   0    4   11    0.10000000E+01   0.00000000E+00   0.00000000E+00
   0    4   12    0.10000000E+01   0.00000000E+00   0.00000000E+00
   0    4   13    0.10000000E+01   0.00000000E+00   0.00000000E+00
   0    4   14    0.10000000E+01   0.00000000E+00   0.00000000E+00
   0    4   15    0.10000000E+01   0.00000000E+00   0.00000000E+00
   0    4   16    0.10000000E+01   0.00000000E+00   0.00000000E+00
   0    4   17    0.10000000E+01   0.00000000E+00   0.00000000E+00
   0    4   18    0.10000000E+01   0.00000000E+00   0.00000000E+00
   0    4   19    0.10000000E+01   0.00000000E+00   0.00000000E+00
   0    4   20    0.10000000E+01   0.00000000E+00   0.00000000E+00
   0    4   21    0.10000000E+01   0.00000000E+00   0.00000000E+00
   0    5    1    0.10000000E+01   0.00000000E+00   0.00000000E+00
   0    5    2    0.10000000E+01   0.00000000E+00   0.00000000E+00
   0    5    3    0.10000000E+01   0.00000000E+00   0.00000000E+00
   0    5    4    0.10000000E+01   0.00000000E+00   0.00000000E+00
   0    5    5    0.10000000E+01   0.00000000E+00   0.00000000E+00
   0    5    6    0.10000000E+01   0.00000000E+00   0.00000000E+00
   0    5    7    0.10000000E+01   0.00000000E+00   0.00000000E+00
   0    5    8    0.10000000E+01   0.00000000E+00   0.00000000E+00
   0    5    9    0.10000000E+01   0.00000000E+00   0.00000000E+00
   0    5   10    0.10000000E+01   0.00000000E+00   0.00000000E+00
   0    5   11    0.10000000E+01   0.00000000E+00   0.00000000E+00
   0    5   12    0.10000000E+01   0.00000000E+00   0.00000000E+00
   0    5   13    0.10000000E+01   0.00000000E+00   0.00000000E+00
   0    5   14    0.10000000E+01   0.00000000E+00   0.00000000E+00
   0    5   15    0.10000000E+01   0.00000000E+00   0.00000000E+00
   0    5   16    0.10000000E+01   0.00000000E+00   0.00000000E+00
   0    5   17    0.10000000E+01   0.00000000E+00   0.00000000E+00
   0    5   18    0.10000000E+01   0.00000000E+00   0.00000000E+00
   0    5   19    0.10000000E+01   0.00000000E+00   0.00000000E+00
   0    5   20    0.10000000E+01   0.00000000E+00   0.00000000E+00
   0    5   21    0.10000000E+01   0.00000000E+00   0.00000000E+00
   0    6    1    0.10000000E+01   0.00000000E+00   0.00000000E+00
   0    6    2    0.10000000E+01   0.00000000E+00   0.00000000E+00
   0    6    3    0.10000000E+01   0.00000000E+00   0.00000000E+00
   0    6    4    0.10000000E+01   0.00000000E+00   0.00000000E+00
   0    6    5    0.10000000E+01   0.00000000E+00   0.00000000E+00
   0    6    6    0.10000000E+01   0.00000000E+00   0.00000000E+00
   0    6    7    0.10000000E+01   0.00000000E+00   0.00000000E+00
   0    6    8    0.10000000E+01   0.00000000E+00   0.00000000E+00
   0    6    9    0.10000000E+01   0.00000000E+00   0.00000000E+00
   0    6   10    0.10000000E+01   0.00000000E+00   0.00000000E+00
   0    6   11    0.10000000E+01   0.00000000E+00   0.00000000E+00
   0    6   12    0.10000000E+01   0.00000000E+00   0.00000000E+00
   0    6   13    0.10000000E+01   0.00000000E+00   0.00000000E+00
   0    6   14    0.10000000E+01   0.00000000E+00   0.00000000E+00
   0    6   15    0.10000000E+01   0.00000000E+00   0.00000000E+00
   0    6   16    0.10000000E+01   0.00000000E+00   0.00000000E+00
   0    6   17    0.10000000E+01   0.00000000E+00   0.00000000E+00
   0    6   18    0.10000000E+01   0.00000000E+00   0.00000000E+00
   0    6   19    0.10000000E+01   0.00000000E+00   0.00000000E+00
   0    6   20    0.10000000E+01   0.00000000E+00   0.00000000E+00
   0    6   21    0.10000000E+01   0.00000000E+00   0.00000000E+00
   0    7    1    0.10000000E+01   0.00000000E+00   0.00000000E+00
   0    7    2    0.10000000E+01   0.00000000E+00   0.00000000E+00
   0    7    3    0.10000000E+01   0.00000000E+00   0.00000000E+00
   0    7    4    0.10000000E+01   0.00000000E+00   0.00000000E+00
   0    7    5    0.10000000E+01   0.00000000E+00   0.00000000E+00
   0    7    6    0.10000000E+01   0.00000000E+00   0.00000000E+00
   0    7    7    0.10000000E+01   0.00000000E+00   0.00000000E+00
   0    7    8    0.10000000E+01   0.00000000E+00   0.00000000E+00
   0    7    9    0.10000000E+01   0.00000000E+00   0.00000000E+00
   0    7   10    0.10000000E+01   0.00000000E+00   0.00000000E+00
   0    7   11    0.10000000E+01   0.00000000E+00   0.00000000E+00
   0    7   12    0.10000000E+01   0.00000000E+00   0.00000000E+00
   0    7   13    0.10000000E+01   0.00000000E+00   0.00000000E+00
   0    7   14    0.10000000E+01   0.00000000E+00   0.00000000E+00
   0    7   15    0.10000000E+01   0.00000000E+00   0.00000000E+00
   0    7   16    0.10000000E+01   0.00000000E+00   0.00000000E+00
   0    7   17    0.10000000E+01   0.00000000E+00   0.00000000E+00
   0    7   18    0.10000000E+01   0.00000000E+00   0.00000000E+00
   0    7   19    0.10000000E+01   0.00000000E+00   0.00000000E+00
   0    7   20    0.10000000E+01   0.00000000E+00   0.00000000E+00
   0    7   21    0.10000000E+01   0.00000000E+00   0.00000000E+00
   0    8    1    0.10000000E+01   0.00000000E+00   0.00000000E+00
   0    8    2    0.10000000E+01   0.00000000E+00   0.00000000E+00
   0    8    3    0.10000000E+01   0.00000000E+00   0.00000000E+00
   0    8    4    0.10000000E+01   0.00000000E+00   0.00000000E+00
   0    8    5    0.10000000E+01   0.00000000E+00   0.00000000E+00
   0    8    6    0.10000000E+01   0.00000000E+00   0.00000000E+00
   0    8    7    0.10000000E+01   0.00000000E+00   0.00000000E+00
   0    8    8    0.10000000E+01   0.00000000E+00   0.00000000E+00
   0    8    9    0.10000000E+01   0.00000000E+00   0.00000000E+00
   0    8   10    0.10000000E+01   0.00000000E+00   0.00000000E+00
   0    8   11    0.10000000E+01   0.00000000E+00   0.00000000E+00
   0    8   12    0.10000000E+01   0.00000000E+00   0.00000000E+00
   0    8   13    0.10000000E+01   0.00000000E+00   0.00000000E+00
   0    8   14    0.10000000E+01   0.00000000E+00   0.00000000E+00
   0    8   15    0.10000000E+01   0.00000000E+00   0.00000000E+00
   0    8   16    0.10000000E+01   0.00000000E+00   0.00000000E+00
   0    8   17    0.10000000E+01   0.00000000E+00   0.00000000E+00
   0    8   18    0.10000000E+01   0.00000000E+00   0.00000000E+00
   0    8   19    0.10000000E+01   0.00000000E+00   0.00000000E+00
   0    8   20    0.10000000E+01   0.00000000E+00   0.00000000E+00
   0    8   21    0.10000000E+01   0.00000000E+00   0.00000000E+00
   0    9    1    0.10000000E+01   0.00000000E+00   0.00000000E+00
   0    9    2    0.10000000E+01   0.00000000E+00   0.00000000E+00
   0    9    3    0.10000000E+01   0.00000000E+00   0.00000000E+00
   0    9    4    0.10000000E+01   0.00000000E+00   0.00000000E+00
   0    9    5    0.10000000E+01   0.00000000E+00   0.00000000E+00
   0    9    6    0.10000000E+01   0.00000000E+00   0.00000000E+00
   0    9    7    0.10000000E+01   0.00000000E+00   0.00000000E+00
   0    9    8    0.10000000E+01   0.00000000E+00   0.00000000E+00
   0    9    9    0.10000000E+01   0.00000000E+00   0.00000000E+00
   0    9   10    0.10000000E+01   0.00000000E+00   0.00000000E+00
   0    9   11    0.10000000E+01   0.00000000E+00   0.00000000E+00
   0    9   12    0.10000000E+01   0.00000000E+00   0.00000000E+00
   0    9   13    0.10000000E+01   0.00000000E+00   0.00000000E+00
   0    9   14    0.10000000E+01   0.00000000E+00   0.00000000E+00
   0    9   15    0.10000000E+01   0.00000000E+00   0.00000000E+00
   0    9   16    0.10000000E+01   0.00000000E+00   0.00000000E+00
   0    9   17    0.10000000E+01   0.00000000E+00   0.00000000E+00
   0    9   18    0.10000000E+01   0.00000000E+00   0.00000000E+00
   0    9   19    0.10000000E+01   0.00000000E+00   0.00000000E+00
   0    9   20    0.10000000E+01   0.00000000E+00   0.00000000E+00
   0    9   21    0.10000000E+01   0.00000000E+00   0.00000000E+00
   0   10    1    0.10000000E+01   0.00000000E+00   0.00000000E+00
   0   10    2    0.10000000E+01   0.00000000E+00   0.00000000E+00
   0   10    3    0.10000000E+01   0.00000000E+00   0.00000000E+00
   0   10    4    0.10000000E+01   0.00000000E+00   0.00000000E+00
   0   10    5    0.10000000E+01   0.00000000E+00   0.00000000E+00
   0   10    6    0.10000000E+01   0.00000000E+00   0.00000000E+00
   0   10    7    0.10000000E+01   0.00000000E+00   0.00000000E+00
   0   10    8    0.10000000E+01   0.00000000E+00   0.00000000E+00
   0   10    9    0.10000000E+01   0.00000000E+00   0.00000000E+00
   0   10   10    0.10000000E+01   0.00000000E+00   0.00000000E+00
   0   10   11    0.10000000E+01   0.00000000E+00   0.00000000E+00
   0   10   12    0.10000000E+01   0.00000000E+00   0.00000000E+00
   0   10   13    0.10000000E+01   0.00000000E+00   0.00000000E+00
   0   10   14    0.10000000E+01   0.00000000E+00   0.00000000E+00
   0   10   15    0.10000000E+01   0.00000000E+00   0.00000000E+00
   0   10   16    0.10000000E+01   0.00000000E+00   0.00000000E+00
   0   10   17    0.10000000E+01   0.00000000E+00   0.00000000E+00
   0   10   18    0.10000000E+01   0.00000000E+00   0.00000000E+00
   0   10   19    0.10000000E+01   0.00000000E+00   0.00000000E+00
   0   10   20    0.10000000E+01   0.00000000E+00   0.00000000E+00
   0   10   21    0.10000000E+01   0.00000000E+00   0.00000000E+00
   0   11    1    0.10000000E+01   0.00000000E+00   0.00000000E+00
   0   11    2    0.10000000E+01   0.00000000E+00   0.00000000E+00
   0   11    3    0.10000000E+01   0.00000000E+00   0.00000000E+00
   0   11    4    0.10000000E+01   0.00000000E+00   0.00000000E+00
   0   11    5    0.10000000E+01   0.00000000E+00   0.00000000E+00
   0   11    6    0.10000000E+01   0.00000000E+00   0.00000000E+00
   0   11    7    0.10000000E+01   0.00000000E+00   0.00000000E+00
   0   11    8    0.10000000E+01   0.00000000E+00   0.00000000E+00
   0   11    9    0.10000000E+01   0.00000000E+00   0.00000000E+00
   0   11   10    0.10000000E+01   0.00000000E+00   0.00000000E+00
   0   11   11    0.10000000E+01   0.00000000E+00   0.00000000E+00
   0   11   12    0.10000000E+01   0.00000000E+00   0.00000000E+00
   0   11   13    0.10000000E+01   0.00000000E+00   0.00000000E+00
   0   11   14    0.10000000E+01   0.00000000E+00   0.00000000E+00
   0   11   15    0.10000000E+01   0.00000000E+00   0.00000000E+00
   0   11   16    0.10000000E+01   0.00000000E+00   0.00000000E+00
   0   11   17    0.10000000E+01   0.00000000E+00   0.00000000E+00
   0   11   18    0.10000000E+01   0.00000000E+00   0.00000000E+00
   0   11   19    0.10000000E+01   0.00000000E+00   0.00000000E+00
   0   11   20    0.10000000E+01   0.00000000E+00   0.00000000E+00
   0   11   21    0.10000000E+01   0.00000000E+00   0.00000000E+00
   0   12    1    0.10000000E+01   0.00000000E+00   0.00000000E+00
   0   12    2    0.10000000E+01   0.00000000E+00   0.00000000E+00
   0   12    3    0.10000000E+01   0.00000000E+00   0.00000000E+00
   0   12    4    0.10000000E+01   0.00000000E+00   0.00000000E+00
   0   12    5    0.10000000E+01   0.00000000E+00   0.00000000E+00
   0   12    6    0.10000000E+01   0.00000000E+00   0.00000000E+00
   0   12    7    0.10000000E+01   0.00000000E+00   0.00000000E+00
   0   12    8    0.10000000E+01   0.00000000E+00   0.00000000E+00
   0   12    9    0.10000000E+01   0.00000000E+00   0.00000000E+00
   0   12   10    0.10000000E+01   0.00000000E+00   0.00000000E+00
   0   12   11    0.10000000E+01   0.00000000E+00   0.00000000E+00
   0   12   12    0.10000000E+01   0.00000000E+00   0.00000000E+00
   0   12   13    0.10000000E+01   0.00000000E+00   0.00000000E+00
   0   12   14    0.10000000E+01   0.00000000E+00   0.00000000E+00
   0   12   15    0.10000000E+01   0.00000000E+00   0.00000000E+00
   0   12   16    0.10000000E+01   0.00000000E+00   0.00000000E+00
   0   12   17    0.10000000E+01   0.00000000E+00   0.00000000E+00
   0   12   18    0.10000000E+01   0.00000000E+00   0.00000000E+00
   0   12   19    0.10000000E+01   0.00000000E+00   0.00000000E+00
   0   12   20    0.10000000E+01   0.00000000E+00   0.00000000E+00
   0   12   21    0.10000000E+01   0.00000000E+00   0.00000000E+00
   0   13    1    0.10000000E+01   0.00000000E+00   0.00000000E+00
   0   13    2    0.10000000E+01   0.00000000E+00   0.00000000E+00
   0   13    3    0.10000000E+01   0.00000000E+00   0.00000000E+00
   0   13    4    0.10000000E+01   0.00000000E+00   0.00000000E+00
   0   13    5    0.10000000E+01   0.00000000E+00   0.00000000E+00
   0   13    6    0.10000000E+01   0.00000000E+00   0.00000000E+00
   0   13    7    0.10000000E+01   0.00000000E+00   0.00000000E+00
   0   13    8    0.10000000E+01   0.00000000E+00   0.00000000E+00
   0   13    9    0.10000000E+01   0.00000000E+00   0.00000000E+00
   0   13   10    0.10000000E+01   0.00000000E+00   0.00000000E+00
   0   13   11    0.10000000E+01   0.00000000E+00   0.00000000E+00
   0   13   12    0.10000000E+01   0.00000000E+00   0.00000000E+00
   0   13   13    0.10000000E+01   0.00000000E+00   0.00000000E+00
   0   13   14    0.10000000E+01   0.00000000E+00   0.00000000E+00
   0   13   15    0.10000000E+01   0.00000000E+00   0.00000000E+00
   0   13   16    0.10000000E+01   0.00000000E+00   0.00000000E+00
   0   13   17    0.10000000E+01   0.00000000E+00   0.00000000E+00
   0   13   18    0.10000000E+01   0.00000000E+00   0.00000000E+00
   0   13   19    0.10000000E+01   0.00000000E+00   0.00000000E+00
   0   13   20    0.10000000E+01   0.00000000E+00   0.00000000E+00
   0   13   21    0.10000000E+01   0.00000000E+00   0.00000000E+00
   0   14    1    0.10000000E+01   0.00000000E+00   0.00000000E+00
   0   14    2    0.10000000E+01   0.00000000E+00   0.00000000E+00
   0   14    3    0.10000000E+01   0.00000000E+00   0.00000000E+00
   0   14    4    0.10000000E+01   0.00000000E+00   0.00000000E+00
   0   14    5    0.10000000E+01   0.00000000E+00   0.00000000E+00
   0   14    6    0.10000000E+01   0.00000000E+00   0.00000000E+00
   0   14    7    0.10000000E+01   0.00000000E+00   0.00000000E+00
   0   14    8    0.10000000E+01   0.00000000E+00   0.00000000E+00
   0   14    9    0.10000000E+01   0.00000000E+00   0.00000000E+00
   0   14   10    0.10000000E+01   0.00000000E+00   0.00000000E+00
   0   14   11    0.10000000E+01   0.00000000E+00   0.00000000E+00
   0   14   12    0.10000000E+01   0.00000000E+00   0.00000000E+00
   0   14   13    0.10000000E+01   0.00000000E+00   0.00000000E+00
   0   14   14    0.10000000E+01   0.00000000E+00   0.00000000E+00
   0   14   15    0.10000000E+01   0.00000000E+00   0.00000000E+00
   0   14   16    0.10000000E+01   0.00000000E+00   0.00000000E+00
   0   14   17    0.10000000E+01   0.00000000E+00   0.00000000E+00
   0   14   18    0.10000000E+01   0.00000000E+00   0.00000000E+00
   0   14   19    0.10000000E+01   0.00000000E+00   0.00000000E+00
   0   14   20    0.10000000E+01   0.00000000E+00   0.00000000E+00
   0   14   21    0.10000000E+01   0.00000000E+00   0.00000000E+00
   0   15    1    0.10000000E+01   0.00000000E+00   0.00000000E+00
   0   15    2    0.10000000E+01   0.00000000E+00   0.00000000E+00
   0   15    3    0.10000000E+01   0.00000000E+00   0.00000000E+00
   0   15    4    0.10000000E+01   0.00000000E+00   0.00000000E+00
   0   15    5    0.10000000E+01   0.00000000E+00   0.00000000E+00
   0   15    6    0.10000000E+01   0.00000000E+00   0.00000000E+00
   0   15    7    0.10000000E+01   0.00000000E+00   0.00000000E+00
   0   15    8    0.10000000E+01   0.00000000E+00   0.00000000E+00
   0   15    9    0.10000000E+01   0.00000000E+00   0.00000000E+00
   0   15   10    0.10000000E+01   0.00000000E+00   0.00000000E+00
   0   15   11    0.10000000E+01   0.00000000E+00   0.00000000E+00
   0   15   12    0.10000000E+01   0.00000000E+00   0.00000000E+00
   0   15   13    0.10000000E+01   0.00000000E+00   0.00000000E+00
   0   15   14    0.10000000E+01   0.00000000E+00   0.00000000E+00
   0   15   15    0.10000000E+01   0.00000000E+00   0.00000000E+00
   0   15   16    0.10000000E+01   0.00000000E+00   0.00000000E+00
   0   15   17    0.10000000E+01   0.00000000E+00   0.00000000E+00
   0   15   18    0.10000000E+01   0.00000000E+00   0.00000000E+00
   0   15   19    0.10000000E+01   0.00000000E+00   0.00000000E+00
   0   15   20    0.10000000E+01   0.00000000E+00   0.00000000E+00
   0   15   21    0.10000000E+01   0.00000000E+00   0.00000000E+00
   0   16    1    0.10000000E+01   0.00000000E+00   0.00000000E+00
   0   16    2    0.10000000E+01   0.00000000E+00   0.00000000E+00
   0   16    3    0.10000000E+01   0.00000000E+00   0.00000000E+00
   0   16    4    0.10000000E+01   0.00000000E+00   0.00000000E+00
   0   16    5    0.10000000E+01   0.00000000E+00   0.00000000E+00
   0   16    6    0.10000000E+01   0.00000000E+00   0.00000000E+00
   0   16    7    0.10000000E+01   0.00000000E+00   0.00000000E+00
   0   16    8    0.10000000E+01   0.00000000E+00   0.00000000E+00
   0   16    9    0.10000000E+01   0.00000000E+00   0.00000000E+00
   0   16   10    0.10000000E+01   0.00000000E+00   0.00000000E+00
   0   16   11    0.10000000E+01   0.00000000E+00   0.00000000E+00
   0   16   12    0.10000000E+01   0.00000000E+00   0.00000000E+00
   0   16   13    0.10000000E+01   0.00000000E+00   0.00000000E+00
   0   16   14    0.10000000E+01   0.00000000E+00   0.00000000E+00
   0   16   15    0.10000000E+01   0.00000000E+00   0.00000000E+00
   0   16   16    0.10000000E+01   0.00000000E+00   0.00000000E+00
   0   16   17    0.10000000E+01   0.00000000E+00   0.00000000E+00
   0   16   18    0.10000000E+01   0.00000000E+00   0.00000000E+00
   0   16   19    0.10000000E+01   0.00000000E+00   0.00000000E+00
   0   16   20    0.10000000E+01   0.00000000E+00   0.00000000E+00
   0   16   21    0.10000000E+01   0.00000000E+00   0.00000000E+00
   0   17    1    0.10000000E+01   0.00000000E+00   0.00000000E+00
   0   17    2    0.10000000E+01   0.00000000E+00   0.00000000E+00
   0   17    3    0.10000000E+01   0.00000000E+00   0.00000000E+00
   0   17    4    0.10000000E+01   0.00000000E+00   0.00000000E+00
   0   17    5    0.10000000E+01   0.00000000E+00   0.00000000E+00
   0   17    6    0.10000000E+01   0.00000000E+00   0.00000000E+00
   0   17    7    0.10000000E+01   0.00000000E+00   0.00000000E+00
   0   17    8    0.10000000E+01   0.00000000E+00   0.00000000E+00
   0   17    9    0.10000000E+01   0.00000000E+00   0.00000000E+00
   0   17   10    0.10000000E+01   0.00000000E+00   0.00000000E+00
   0   17   11    0.10000000E+01   0.00000000E+00   0.00000000E+00
   0   17   12    0.10000000E+01   0.00000000E+00   0.00000000E+00
   0   17   13    0.10000000E+01   0.00000000E+00   0.00000000E+00
   0   17   14    0.10000000E+01   0.00000000E+00   0.00000000E+00
   0   17   15    0.10000000E+01   0.00000000E+00   0.00000000E+00
   0   17   16    0.10000000E+01   0.00000000E+00   0.00000000E+00
   0   17   17    0.10000000E+01   0.00000000E+00   0.00000000E+00
   0   17   18    0.10000000E+01   0.00000000E+00   0.00000000E+00
   0   17   19    0.10000000E+01   0.00000000E+00   0.00000000E+00
   0   17   20    0.10000000E+01   0.00000000E+00   0.00000000E+00
   0   17   21    0.10000000E+01   0.00000000E+00   0.00000000E+00
   0   18    1    0.10000000E+01   0.00000000E+00   0.00000000E+00
   0   18    2    0.10000000E+01   0.00000000E+00   0.00000000E+00
   0   18    3    0.10000000E+01   0.00000000E+00   0.00000000E+00
   0   18    4    0.10000000E+01   0.00000000E+00   0.00000000E+00
   0   18    5    0.10000000E+01   0.00000000E+00   0.00000000E+00
   0   18    6    0.10000000E+01   0.00000000E+00   0.00000000E+00
   0   18    7    0.10000000E+01   0.00000000E+00   0.00000000E+00
   0   18    8    0.10000000E+01   0.00000000E+00   0.00000000E+00
   0   18    9    0.10000000E+01   0.00000000E+00   0.00000000E+00
   0   18   10    0.10000000E+01   0.00000000E+00   0.00000000E+00
   0   18   11    0.10000000E+01   0.00000000E+00   0.00000000E+00
   0   18   12    0.10000000E+01   0.00000000E+00   0.00000000E+00
   0   18   13    0.10000000E+01   0.00000000E+00   0.00000000E+00
   0   18   14    0.10000000E+01   0.00000000E+00   0.00000000E+00
   0   18   15    0.10000000E+01   0.00000000E+00   0.00000000E+00
   0   18   16    0.10000000E+01   0.00000000E+00   0.00000000E+00
   0   18   17    0.10000000E+01   0.00000000E+00   0.00000000E+00
   0   18   18    0.10000000E+01   0.00000000E+00   0.00000000E+00
   0   18   19    0.10000000E+01   0.00000000E+00   0.00000000E+00
   0   18   20    0.10000000E+01   0.00000000E+00   0.00000000E+00
   0   18   21    0.10000000E+01   0.00000000E+00   0.00000000E+00
   0   19    1    0.10000000E+01   0.00000000E+00   0.00000000E+00
   0   19    2    0.10000000E+01   0.00000000E+00   0.00000000E+00
   0   19    3    0.10000000E+01   0.00000000E+00   0.00000000E+00
   0   19    4    0.10000000E+01   0.00000000E+00   0.00000000E+00
   0   19    5    0.10000000E+01   0.00000000E+00   0.00000000E+00
   0   19    6    0.10000000E+01   0.00000000E+00   0.00000000E+00
   0   19    7    0.10000000E+01   0.00000000E+00   0.00000000E+00
   0   19    8    0.10000000E+01   0.00000000E+00   0.00000000E+00
   0   19    9    0.10000000E+01   0.00000000E+00   0.00000000E+00
   0   19   10    0.10000000E+01   0.00000000E+00   0.00000000E+00
   0   19   11    0.10000000E+01   0.00000000E+00   0.00000000E+00
   0   19   12    0.10000000E+01   0.00000000E+00   0.00000000E+00
   0   19   13    0.10000000E+01   0.00000000E+00   0.00000000E+00
   0   19   14    0.10000000E+01   0.00000000E+00   0.00000000E+00
   0   19   15    0.10000000E+01   0.00000000E+00   0.00000000E+00
   0   19   16    0.10000000E+01   0.00000000E+00   0.00000000E+00
   0   19   17    0.10000000E+01   0.00000000E+00   0.00000000E+00
   0   19   18    0.10000000E+01   0.00000000E+00   0.00000000E+00
   0   19   19    0.10000000E+01   0.00000000E+00   0.00000000E+00
   0   19   20    0.10000000E+01   0.00000000E+00   0.00000000E+00
   0   19   21    0.10000000E+01   0.00000000E+00   0.00000000E+00
   0   20    1    0.10000000E+01   0.00000000E+00   0.00000000E+00
   0   20    2    0.10000000E+01   0.00000000E+00   0.00000000E+00
   0   20    3    0.10000000E+01   0.00000000E+00   0.00000000E+00
   0   20    4    0.10000000E+01   0.00000000E+00   0.00000000E+00
   0   20    5    0.10000000E+01   0.00000000E+00   0.00000000E+00
   0   20    6    0.10000000E+01   0.00000000E+00   0.00000000E+00
   0   20    7    0.10000000E+01   0.00000000E+00   0.00000000E+00
   0   20    8    0.10000000E+01   0.00000000E+00   0.00000000E+00
   0   20    9    0.10000000E+01   0.00000000E+00   0.00000000E+00
   0   20   10    0.10000000E+01   0.00000000E+00   0.00000000E+00
   0   20   11    0.10000000E+01   0.00000000E+00   0.00000000E+00
   0   20   12    0.10000000E+01   0.00000000E+00   0.00000000E+00
   0   20   13    0.10000000E+01   0.00000000E+00   0.00000000E+00
   0   20   14    0.10000000E+01   0.00000000E+00   0.00000000E+00
   0   20   15    0.10000000E+01   0.00000000E+00   0.00000000E+00
   0   20   16    0.10000000E+01   0.00000000E+00   0.00000000E+00
   0   20   17    0.10000000E+01   0.00000000E+00   0.00000000E+00
   0   20   18    0.10000000E+01   0.00000000E+00   0.00000000E+00
   0   20   19    0.10000000E+01   0.00000000E+00   0.00000000E+00
   0   20   20    0.10000000E+01   0.00000000E+00   0.00000000E+00
   0   20   21    0.10000000E+01   0.00000000E+00   0.00000000E+00
   0   21    1    0.10000000E+01   0.00000000E+00   0.00000000E+00
   0   21    2    0.10000000E+01   0.00000000E+00   0.00000000E+00
   0   21    3    0.10000000E+01   0.00000000E+00   0.00000000E+00
   0   21    4    0.10000000E+01   0.00000000E+00   0.00000000E+00
   0   21    5    0.10000000E+01   0.00000000E+00   0.00000000E+00
   0   21    6    0.10000000E+01   0.00000000E+00   0.00000000E+00
   0   21    7    0.10000000E+01   0.00000000E+00   0.00000000E+00
   0   21    8    0.10000000E+01   0.00000000E+00   0.00000000E+00
   0   21    9    0.10000000E+01   0.00000000E+00   0.00000000E+00
   0   21   10    0.10000000E+01   0.00000000E+00   0.00000000E+00
   0   21   11    0.10000000E+01   0.00000000E+00   0.00000000E+00
   0   21   12    0.10000000E+01   0.00000000E+00   0.00000000E+00
   0   21   13    0.10000000E+01   0.00000000E+00   0.00000000E+00
   0   21   14    0.10000000E+01   0.00000000E+00   0.00000000E+00
   0   21   15    0.10000000E+01   0.00000000E+00   0.00000000E+00
   0   21   16    0.10000000E+01   0.00000000E+00   0.00000000E+00
   0   21   17    0.10000000E+01   0.00000000E+00   0.00000000E+00
   0   21   18    0.10000000E+01   0.00000000E+00   0.00000000E+00
   0   21   19    0.10000000E+01   0.00000000E+00   0.00000000E+00
   0   21   20    0.10000000E+01   0.00000000E+00   0.00000000E+00
   0   21   21    0.10000000E+01   0.00000000E+00   0.00000000E+00
   1    1    1    0.00000000E+00   0.00000000E+00   0.00000000E+00
   1    1    2    0.00000000E+00   0.00000000E+00   0.00000000E+00
   1    1    3    0.00000000E+00   0.00000000E+00   0.00000000E+00
   1    1    4    0.00000000E+00   0.00000000E+00   0.00000000E+00
   1    1    5    0.00000000E+00   0.00000000E+00   0.00000000E+00
   1    1    6    0.00000000E+00   0.00000000E+00   0.00000000E+00
   1    1    7    0.00000000E+00   0.00000000E+00   0.00000000E+00
   1    1    8    0.00000000E+00   0.00000000E+00   0.00000000E+00
   1    1    9    0.00000000E+00   0.00000000E+00   0.00000000E+00
   1    1   10    0.00000000E+00   0.00000000E+00   0.00000000E+00
   1    1   11    0.00000000E+00   0.00000000E+00   0.00000000E+00
   1    1   12    0.00000000E+00   0.00000000E+00   0.00000000E+00
   1    1   13    0.00000000E+00   0.00000000E+00   0.00000000E+00
   1    1   14    0.00000000E+00   0.00000000E+00   0.00000000E+00
   1    1   15    0.00000000E+00   0.00000000E+00   0.00000000E+00
   1    1   16    0.00000000E+00   0.00000000E+00   0.00000000E+00
   1    1   17    0.00000000E+00   0.00000000E+00   0.00000000E+00
   1    1   18    0.00000000E+00   0.00000000E+00   0.00000000E+00
   1    1   19    0.00000000E+00   0.00000000E+00   0.00000000E+00
   1    1   20    0.00000000E+00   0.00000000E+00   0.00000000E+00
   1    1   21    0.00000000E+00   0.00000000E+00   0.00000000E+00
   1    2    1    0.00000000E+00   0.00000000E+00   0.00000000E+00
   1    2    2    0.00000000E+00   0.00000000E+00   0.00000000E+00
   1    2    3    0.00000000E+00   0.00000000E+00   0.00000000E+00
   1    2    4    0.00000000E+00   0.00000000E+00   0.00000000E+00
   1    2    5    0.00000000E+00   0.00000000E+00   0.00000000E+00
   1    2    6    0.00000000E+00   0.00000000E+00   0.00000000E+00
   1    2    7    0.00000000E+00   0.00000000E+00   0.00000000E+00
   1    2    8    0.00000000E+00   0.00000000E+00   0.00000000E+00
   1    2    9    0.00000000E+00   0.00000000E+00   0.00000000E+00
   1    2   10    0.00000000E+00   0.00000000E+00   0.00000000E+00
   1    2   11    0.00000000E+00   0.00000000E+00   0.00000000E+00
   1    2   12    0.00000000E+00   0.00000000E+00   0.00000000E+00
   1    2   13    0.00000000E+00   0.00000000E+00   0.00000000E+00
   1    2   14    0.00000000E+00   0.00000000E+00   0.00000000E+00
   1    2   15    0.00000000E+00   0.00000000E+00   0.00000000E+00
   1    2   16    0.00000000E+00   0.00000000E+00   0.00000000E+00
   1    2   17    0.00000000E+00   0.00000000E+00   0.00000000E+00
   1    2   18    0.00000000E+00   0.00000000E+00   0.00000000E+00
   1    2   19    0.00000000E+00   0.00000000E+00   0.00000000E+00
   1    2   20    0.00000000E+00   0.00000000E+00   0.00000000E+00
   1    2   21    0.00000000E+00   0.00000000E+00   0.00000000E+00
   1    3    1    0.00000000E+00   0.00000000E+00   0.00000000E+00
   1    3    2    0.00000000E+00   0.00000000E+00   0.00000000E+00
   1    3    3    0.00000000E+00   0.00000000E+00   0.00000000E+00
   1    3    4    0.00000000E+00   0.00000000E+00   0.00000000E+00
   1    3    5    0.00000000E+00   0.00000000E+00   0.00000000E+00
   1    3    6    0.00000000E+00   0.00000000E+00   0.00000000E+00
   1    3    7    0.00000000E+00   0.00000000E+00   0.00000000E+00
   1    3    8    0.00000000E+00   0.00000000E+00   0.00000000E+00
   1    3    9    0.00000000E+00   0.00000000E+00   0.00000000E+00
   1    3   10    0.00000000E+00   0.00000000E+00   0.00000000E+00
   1    3   11    0.00000000E+00   0.00000000E+00   0.00000000E+00
   1    3   12    0.00000000E+00   0.00000000E+00   0.00000000E+00
   1    3   13    0.00000000E+00   0.00000000E+00   0.00000000E+00
   1    3   14    0.00000000E+00   0.00000000E+00   0.00000000E+00
   1    3   15    0.00000000E+00   0.00000000E+00   0.00000000E+00
   1    3   16    0.00000000E+00   0.00000000E+00   0.00000000E+00
   1    3   17    0.00000000E+00   0.00000000E+00   0.00000000E+00
   1    3   18    0.00000000E+00   0.00000000E+00   0.00000000E+00
   1    3   19    0.00000000E+00   0.00000000E+00   0.00000000E+00
   1    3   20    0.00000000E+00   0.00000000E+00   0.00000000E+00
   1    3   21    0.00000000E+00   0.00000000E+00   0.00000000E+00
   1    4    1    0.00000000E+00   0.00000000E+00   0.00000000E+00
   1    4    2    0.00000000E+00   0.00000000E+00   0.00000000E+00
   1    4    3    0.00000000E+00   0.00000000E+00   0.00000000E+00
   1    4    4    0.00000000E+00   0.00000000E+00   0.00000000E+00
   1    4    5    0.00000000E+00   0.00000000E+00   0.00000000E+00
   1    4    6    0.00000000E+00   0.00000000E+00   0.00000000E+00
   1    4    7    0.00000000E+00   0.00000000E+00   0.00000000E+00
   1    4    8    0.00000000E+00   0.00000000E+00   0.00000000E+00
   1    4    9    0.00000000E+00   0.00000000E+00   0.00000000E+00
   1    4   10    0.00000000E+00   0.00000000E+00   0.00000000E+00
   1    4   11    0.00000000E+00   0.00000000E+00   0.00000000E+00
   1    4   12    0.00000000E+00   0.00000000E+00   0.00000000E+00
   1    4   13    0.00000000E+00   0.00000000E+00   0.00000000E+00
   1    4   14    0.00000000E+00   0.00000000E+00   0.00000000E+00
   1    4   15    0.00000000E+00   0.00000000E+00   0.00000000E+00
   1    4   16    0.00000000E+00   0.00000000E+00   0.00000000E+00
   1    4   17    0.00000000E+00   0.00000000E+00   0.00000000E+00
   1    4   18    0.00000000E+00   0.00000000E+00   0.00000000E+00
   1    4   19    0.00000000E+00   0.00000000E+00   0.00000000E+00
   1    4   20    0.00000000E+00   0.00000000E+00   0.00000000E+00
   1    4   21    0.00000000E+00   0.00000000E+00   0.00000000E+00
   1    5    1    0.00000000E+00   0.00000000E+00   0.00000000E+00
   1    5    2    0.00000000E+00   0.00000000E+00   0.00000000E+00
   1    5    3    0.00000000E+00   0.00000000E+00   0.00000000E+00
   1    5    4    0.00000000E+00   0.00000000E+00   0.00000000E+00
   1    5    5    0.00000000E+00   0.00000000E+00   0.00000000E+00
   1    5    6    0.00000000E+00   0.00000000E+00   0.00000000E+00
   1    5    7    0.00000000E+00   0.00000000E+00   0.00000000E+00
   1    5    8    0.00000000E+00   0.00000000E+00   0.00000000E+00
   1    5    9    0.00000000E+00   0.00000000E+00   0.00000000E+00
   1    5   10    0.00000000E+00   0.00000000E+00   0.00000000E+00
   1    5   11    0.00000000E+00   0.00000000E+00   0.00000000E+00
   1    5   12    0.00000000E+00   0.00000000E+00   0.00000000E+00
   1    5   13    0.00000000E+00   0.00000000E+00   0.00000000E+00
   1    5   14    0.00000000E+00   0.00000000E+00   0.00000000E+00
   1    5   15    0.00000000E+00   0.00000000E+00   0.00000000E+00
   1    5   16    0.00000000E+00   0.00000000E+00   0.00000000E+00
   1    5   17    0.00000000E+00   0.00000000E+00   0.00000000E+00
   1    5   18    0.00000000E+00   0.00000000E+00   0.00000000E+00
   1    5   19    0.00000000E+00   0.00000000E+00   0.00000000E+00
   1    5   20    0.00000000E+00   0.00000000E+00   0.00000000E+00
   1    5   21    0.00000000E+00   0.00000000E+00   0.00000000E+00
   1    6    1    0.00000000E+00   0.00000000E+00   0.00000000E+00
   1    6    2    0.00000000E+00   0.00000000E+00   0.00000000E+00
   1    6    3    0.00000000E+00   0.00000000E+00   0.00000000E+00
   1    6    4    0.00000000E+00   0.00000000E+00   0.00000000E+00
   1    6    5    0.00000000E+00   0.00000000E+00   0.00000000E+00
   1    6    6    0.00000000E+00   0.00000000E+00   0.00000000E+00
   1    6    7    0.00000000E+00   0.00000000E+00   0.00000000E+00
   1    6    8    0.00000000E+00   0.00000000E+00   0.00000000E+00
   1    6    9    0.00000000E+00   0.00000000E+00   0.00000000E+00
   1    6   10    0.00000000E+00   0.00000000E+00   0.00000000E+00
   1    6   11    0.00000000E+00   0.00000000E+00   0.00000000E+00
   1    6   12    0.00000000E+00   0.00000000E+00   0.00000000E+00
   1    6   13    0.00000000E+00   0.00000000E+00   0.00000000E+00
   1    6   14    0.00000000E+00   0.00000000E+00   0.00000000E+00
   1    6   15    0.00000000E+00   0.00000000E+00   0.00000000E+00
   1    6   16    0.00000000E+00   0.00000000E+00   0.00000000E+00
   1    6   17    0.00000000E+00   0.00000000E+00   0.00000000E+00
   1    6   18    0.00000000E+00   0.00000000E+00   0.00000000E+00
   1    6   19    0.00000000E+00   0.00000000E+00   0.00000000E+00
   1    6   20    0.00000000E+00   0.00000000E+00   0.00000000E+00
   1    6   21    0.00000000E+00   0.00000000E+00   0.00000000E+00
   1    7    1    0.00000000E+00   0.00000000E+00   0.00000000E+00
   1    7    2    0.00000000E+00   0.00000000E+00   0.00000000E+00
   1    7    3    0.00000000E+00   0.00000000E+00   0.00000000E+00
   1    7    4    0.00000000E+00   0.00000000E+00   0.00000000E+00
   1    7    5    0.00000000E+00   0.00000000E+00   0.00000000E+00
   1    7    6    0.00000000E+00   0.00000000E+00   0.00000000E+00
   1    7    7    0.00000000E+00   0.00000000E+00   0.00000000E+00
   1    7    8    0.00000000E+00   0.00000000E+00   0.00000000E+00
   1    7    9    0.00000000E+00   0.00000000E+00   0.00000000E+00
   1    7   10    0.00000000E+00   0.00000000E+00   0.00000000E+00
   1    7   11    0.00000000E+00   0.00000000E+00   0.00000000E+00
   1    7   12    0.00000000E+00   0.00000000E+00   0.00000000E+00
   1    7   13    0.00000000E+00   0.00000000E+00   0.00000000E+00
   1    7   14    0.00000000E+00   0.00000000E+00   0.00000000E+00
   1    7   15    0.00000000E+00   0.00000000E+00   0.00000000E+00
   1    7   16    0.00000000E+00   0.00000000E+00   0.00000000E+00
   1    7   17    0.00000000E+00   0.00000000E+00   0.00000000E+00
   1    7   18    0.00000000E+00   0.00000000E+00   0.00000000E+00
   1    7   19    0.00000000E+00   0.00000000E+00   0.00000000E+00
   1    7   20    0.00000000E+00   0.00000000E+00   0.00000000E+00
   1    7   21    0.00000000E+00   0.00000000E+00   0.00000000E+00
   1    8    1    0.00000000E+00   0.00000000E+00   0.00000000E+00
   1    8    2    0.00000000E+00   0.00000000E+00   0.00000000E+00
   1    8    3    0.00000000E+00   0.00000000E+00   0.00000000E+00
   1    8    4    0.00000000E+00   0.00000000E+00   0.00000000E+00
   1    8    5    0.00000000E+00   0.00000000E+00   0.00000000E+00
   1    8    6    0.00000000E+00   0.00000000E+00   0.00000000E+00
   1    8    7    0.00000000E+00   0.00000000E+00   0.00000000E+00
   1    8    8    0.00000000E+00   0.00000000E+00   0.00000000E+00
   1    8    9    0.00000000E+00   0.00000000E+00   0.00000000E+00
   1    8   10    0.00000000E+00   0.00000000E+00   0.00000000E+00
   1    8   11    0.00000000E+00   0.00000000E+00   0.00000000E+00
   1    8   12    0.00000000E+00   0.00000000E+00   0.00000000E+00
   1    8   13    0.00000000E+00   0.00000000E+00   0.00000000E+00
   1    8   14    0.00000000E+00   0.00000000E+00   0.00000000E+00
   1    8   15    0.00000000E+00   0.00000000E+00   0.00000000E+00
   1    8   16    0.00000000E+00   0.00000000E+00   0.00000000E+00
   1    8   17    0.00000000E+00   0.00000000E+00   0.00000000E+00
   1    8   18    0.00000000E+00   0.00000000E+00   0.00000000E+00
   1    8   19    0.00000000E+00   0.00000000E+00   0.00000000E+00
   1    8   20    0.00000000E+00   0.00000000E+00   0.00000000E+00
   1    8   21    0.00000000E+00   0.00000000E+00   0.00000000E+00
   1    9    1    0.00000000E+00   0.00000000E+00   0.00000000E+00
   1    9    2    0.00000000E+00   0.00000000E+00   0.00000000E+00
   1    9    3    0.00000000E+00   0.00000000E+00   0.00000000E+00
   1    9    4    0.00000000E+00   0.00000000E+00   0.00000000E+00
   1    9    5    0.00000000E+00   0.00000000E+00   0.00000000E+00
   1    9    6    0.00000000E+00   0.00000000E+00   0.00000000E+00
   1    9    7    0.00000000E+00   0.00000000E+00   0.00000000E+00
   1    9    8    0.00000000E+00   0.00000000E+00   0.00000000E+00
   1    9    9    0.00000000E+00   0.00000000E+00   0.00000000E+00
   1    9   10    0.00000000E+00   0.00000000E+00   0.00000000E+00
   1    9   11    0.00000000E+00   0.00000000E+00   0.00000000E+00
   1    9   12    0.00000000E+00   0.00000000E+00   0.00000000E+00
   1    9   13    0.00000000E+00   0.00000000E+00   0.00000000E+00
   1    9   14    0.00000000E+00   0.00000000E+00   0.00000000E+00
   1    9   15    0.00000000E+00   0.00000000E+00   0.00000000E+00
   1    9   16    0.00000000E+00   0.00000000E+00   0.00000000E+00
   1    9   17    0.00000000E+00   0.00000000E+00   0.00000000E+00
   1    9   18    0.00000000E+00   0.00000000E+00   0.00000000E+00
   1    9   19    0.00000000E+00   0.00000000E+00   0.00000000E+00
   1    9   20    0.00000000E+00   0.00000000E+00   0.00000000E+00
   1    9   21    0.00000000E+00   0.00000000E+00   0.00000000E+00
   1   10    1    0.00000000E+00   0.00000000E+00   0.00000000E+00
   1   10    2    0.00000000E+00   0.00000000E+00   0.00000000E+00
   1   10    3    0.00000000E+00   0.00000000E+00   0.00000000E+00
   1   10    4    0.00000000E+00   0.00000000E+00   0.00000000E+00
   1   10    5    0.00000000E+00   0.00000000E+00   0.00000000E+00
   1   10    6    0.00000000E+00   0.00000000E+00   0.00000000E+00
   1   10    7    0.00000000E+00   0.00000000E+00   0.00000000E+00
   1   10    8    0.00000000E+00   0.00000000E+00   0.00000000E+00
   1   10    9    0.00000000E+00   0.00000000E+00   0.00000000E+00
   1   10   10    0.00000000E+00   0.00000000E+00   0.00000000E+00
   1   10   11    0.00000000E+00   0.00000000E+00   0.00000000E+00
   1   10   12    0.00000000E+00   0.00000000E+00   0.00000000E+00
   1   10   13    0.00000000E+00   0.00000000E+00   0.00000000E+00
   1   10   14    0.00000000E+00   0.00000000E+00   0.00000000E+00
   1   10   15    0.00000000E+00   0.00000000E+00   0.00000000E+00
   1   10   16    0.00000000E+00   0.00000000E+00   0.00000000E+00
   1   10   17    0.00000000E+00   0.00000000E+00   0.00000000E+00
   1   10   18    0.00000000E+00   0.00000000E+00   0.00000000E+00
   1   10   19    0.00000000E+00   0.00000000E+00   0.00000000E+00
   1   10   20    0.00000000E+00   0.00000000E+00   0.00000000E+00
   1   10   21    0.00000000E+00   0.00000000E+00   0.00000000E+00
   1   11    1    0.00000000E+00   0.00000000E+00   0.00000000E+00
   1   11    2    0.00000000E+00   0.00000000E+00   0.00000000E+00
   1   11    3    0.00000000E+00   0.00000000E+00   0.00000000E+00
   1   11    4    0.00000000E+00   0.00000000E+00   0.00000000E+00
   1   11    5    0.00000000E+00   0.00000000E+00   0.00000000E+00
   1   11    6    0.00000000E+00   0.00000000E+00   0.00000000E+00
   1   11    7    0.00000000E+00   0.00000000E+00   0.00000000E+00
   1   11    8    0.00000000E+00   0.00000000E+00   0.00000000E+00
   1   11    9    0.00000000E+00   0.00000000E+00   0.00000000E+00
   1   11   10    0.00000000E+00   0.00000000E+00   0.00000000E+00
   1   11   11    0.00000000E+00   0.00000000E+00   0.00000000E+00
   1   11   12    0.00000000E+00   0.00000000E+00   0.00000000E+00
   1   11   13    0.00000000E+00   0.00000000E+00   0.00000000E+00
   1   11   14    0.00000000E+00   0.00000000E+00   0.00000000E+00
   1   11   15    0.00000000E+00   0.00000000E+00   0.00000000E+00
   1   11   16    0.00000000E+00   0.00000000E+00   0.00000000E+00
   1   11   17    0.00000000E+00   0.00000000E+00   0.00000000E+00
   1   11   18    0.00000000E+00   0.00000000E+00   0.00000000E+00
   1   11   19    0.00000000E+00   0.00000000E+00   0.00000000E+00
   1   11   20    0.00000000E+00   0.00000000E+00   0.00000000E+00
   1   11   21    0.00000000E+00   0.00000000E+00   0.00000000E+00
   1   12    1    0.00000000E+00   0.00000000E+00   0.00000000E+00
   1   12    2    0.00000000E+00   0.00000000E+00   0.00000000E+00
   1   12    3    0.00000000E+00   0.00000000E+00   0.00000000E+00
   1   12    4    0.00000000E+00   0.00000000E+00   0.00000000E+00
   1   12    5    0.00000000E+00   0.00000000E+00   0.00000000E+00
   1   12    6    0.00000000E+00   0.00000000E+00   0.00000000E+00
   1   12    7    0.00000000E+00   0.00000000E+00   0.00000000E+00
   1   12    8    0.00000000E+00   0.00000000E+00   0.00000000E+00
   1   12    9    0.00000000E+00   0.00000000E+00   0.00000000E+00
   1   12   10    0.00000000E+00   0.00000000E+00   0.00000000E+00
   1   12   11    0.00000000E+00   0.00000000E+00   0.00000000E+00
   1   12   12    0.00000000E+00   0.00000000E+00   0.00000000E+00
   1   12   13    0.00000000E+00   0.00000000E+00   0.00000000E+00
   1   12   14    0.00000000E+00   0.00000000E+00   0.00000000E+00
   1   12   15    0.00000000E+00   0.00000000E+00   0.00000000E+00
   1   12   16    0.00000000E+00   0.00000000E+00   0.00000000E+00
   1   12   17    0.00000000E+00   0.00000000E+00   0.00000000E+00
   1   12   18    0.00000000E+00   0.00000000E+00   0.00000000E+00
   1   12   19    0.00000000E+00   0.00000000E+00   0.00000000E+00
   1   12   20    0.00000000E+00   0.00000000E+00   0.00000000E+00
   1   12   21    0.00000000E+00   0.00000000E+00   0.00000000E+00
   1   13    1    0.00000000E+00   0.00000000E+00   0.00000000E+00
   1   13    2    0.00000000E+00   0.00000000E+00   0.00000000E+00
   1   13    3    0.00000000E+00   0.00000000E+00   0.00000000E+00
   1   13    4    0.00000000E+00   0.00000000E+00   0.00000000E+00
   1   13    5    0.00000000E+00   0.00000000E+00   0.00000000E+00
   1   13    6    0.00000000E+00   0.00000000E+00   0.00000000E+00
   1   13    7    0.00000000E+00   0.00000000E+00   0.00000000E+00
   1   13    8    0.00000000E+00   0.00000000E+00   0.00000000E+00
   1   13    9    0.00000000E+00   0.00000000E+00   0.00000000E+00
   1   13   10    0.00000000E+00   0.00000000E+00   0.00000000E+00
   1   13   11    0.00000000E+00   0.00000000E+00   0.00000000E+00
   1   13   12    0.00000000E+00   0.00000000E+00   0.00000000E+00
   1   13   13    0.00000000E+00   0.00000000E+00   0.00000000E+00
   1   13   14    0.00000000E+00   0.00000000E+00   0.00000000E+00
   1   13   15    0.00000000E+00   0.00000000E+00   0.00000000E+00
   1   13   16    0.00000000E+00   0.00000000E+00   0.00000000E+00
   1   13   17    0.00000000E+00   0.00000000E+00   0.00000000E+00
   1   13   18    0.00000000E+00   0.00000000E+00   0.00000000E+00
   1   13   19    0.00000000E+00   0.00000000E+00   0.00000000E+00
   1   13   20    0.00000000E+00   0.00000000E+00   0.00000000E+00
   1   13   21    0.00000000E+00   0.00000000E+00   0.00000000E+00
   1   14    1    0.00000000E+00   0.00000000E+00   0.00000000E+00
   1   14    2    0.00000000E+00   0.00000000E+00   0.00000000E+00
   1   14    3    0.00000000E+00   0.00000000E+00   0.00000000E+00
   1   14    4    0.00000000E+00   0.00000000E+00   0.00000000E+00
   1   14    5    0.00000000E+00   0.00000000E+00   0.00000000E+00
   1   14    6    0.00000000E+00   0.00000000E+00   0.00000000E+00
   1   14    7    0.00000000E+00   0.00000000E+00   0.00000000E+00
   1   14    8    0.00000000E+00   0.00000000E+00   0.00000000E+00
   1   14    9    0.00000000E+00   0.00000000E+00   0.00000000E+00
   1   14   10    0.00000000E+00   0.00000000E+00   0.00000000E+00
   1   14   11    0.00000000E+00   0.00000000E+00   0.00000000E+00
   1   14   12    0.00000000E+00   0.00000000E+00   0.00000000E+00
   1   14   13    0.00000000E+00   0.00000000E+00   0.00000000E+00
   1   14   14    0.00000000E+00   0.00000000E+00   0.00000000E+00
   1   14   15    0.00000000E+00   0.00000000E+00   0.00000000E+00
   1   14   16    0.00000000E+00   0.00000000E+00   0.00000000E+00
   1   14   17    0.00000000E+00   0.00000000E+00   0.00000000E+00
   1   14   18    0.00000000E+00   0.00000000E+00   0.00000000E+00
   1   14   19    0.00000000E+00   0.00000000E+00   0.00000000E+00
   1   14   20    0.00000000E+00   0.00000000E+00   0.00000000E+00
   1   14   21    0.00000000E+00   0.00000000E+00   0.00000000E+00
   1   15    1    0.00000000E+00   0.00000000E+00   0.00000000E+00
   1   15    2    0.00000000E+00   0.00000000E+00   0.00000000E+00
   1   15    3    0.00000000E+00   0.00000000E+00   0.00000000E+00
   1   15    4    0.00000000E+00   0.00000000E+00   0.00000000E+00
   1   15    5    0.00000000E+00   0.00000000E+00   0.00000000E+00
   1   15    6    0.00000000E+00   0.00000000E+00   0.00000000E+00
   1   15    7    0.00000000E+00   0.00000000E+00   0.00000000E+00
   1   15    8    0.00000000E+00   0.00000000E+00   0.00000000E+00
   1   15    9    0.00000000E+00   0.00000000E+00   0.00000000E+00
   1   15   10    0.00000000E+00   0.00000000E+00   0.00000000E+00
   1   15   11    0.00000000E+00   0.00000000E+00   0.00000000E+00
   1   15   12    0.00000000E+00   0.00000000E+00   0.00000000E+00
   1   15   13    0.00000000E+00   0.00000000E+00   0.00000000E+00
   1   15   14    0.00000000E+00   0.00000000E+00   0.00000000E+00
   1   15   15    0.00000000E+00   0.00000000E+00   0.00000000E+00
   1   15   16    0.00000000E+00   0.00000000E+00   0.00000000E+00
   1   15   17    0.00000000E+00   0.00000000E+00   0.00000000E+00
   1   15   18    0.00000000E+00   0.00000000E+00   0.00000000E+00
   1   15   19    0.00000000E+00   0.00000000E+00   0.00000000E+00
   1   15   20    0.00000000E+00   0.00000000E+00   0.00000000E+00
   1   15   21    0.00000000E+00   0.00000000E+00   0.00000000E+00
   1   16    1    0.00000000E+00   0.00000000E+00   0.00000000E+00
   1   16    2    0.00000000E+00   0.00000000E+00   0.00000000E+00
   1   16    3    0.00000000E+00   0.00000000E+00   0.00000000E+00
   1   16    4    0.00000000E+00   0.00000000E+00   0.00000000E+00
   1   16    5    0.00000000E+00   0.00000000E+00   0.00000000E+00
   1   16    6    0.00000000E+00   0.00000000E+00   0.00000000E+00
   1   16    7    0.00000000E+00   0.00000000E+00   0.00000000E+00
   1   16    8    0.00000000E+00   0.00000000E+00   0.00000000E+00
   1   16    9    0.00000000E+00   0.00000000E+00   0.00000000E+00
   1   16   10    0.00000000E+00   0.00000000E+00   0.00000000E+00
   1   16   11    0.00000000E+00   0.00000000E+00   0.00000000E+00
   1   16   12    0.00000000E+00   0.00000000E+00   0.00000000E+00
   1   16   13    0.00000000E+00   0.00000000E+00   0.00000000E+00
   1   16   14    0.00000000E+00   0.00000000E+00   0.00000000E+00
   1   16   15    0.00000000E+00   0.00000000E+00   0.00000000E+00
   1   16   16    0.00000000E+00   0.00000000E+00   0.00000000E+00
   1   16   17    0.00000000E+00   0.00000000E+00   0.00000000E+00
   1   16   18    0.00000000E+00   0.00000000E+00   0.00000000E+00
   1   16   19    0.00000000E+00   0.00000000E+00   0.00000000E+00
   1   16   20    0.00000000E+00   0.00000000E+00   0.00000000E+00
   1   16   21    0.00000000E+00   0.00000000E+00   0.00000000E+00
   1   17    1    0.00000000E+00   0.00000000E+00   0.00000000E+00
   1   17    2    0.00000000E+00   0.00000000E+00   0.00000000E+00
   1   17    3    0.00000000E+00   0.00000000E+00   0.00000000E+00
   1   17    4    0.00000000E+00   0.00000000E+00   0.00000000E+00
   1   17    5    0.00000000E+00   0.00000000E+00   0.00000000E+00
   1   17    6    0.00000000E+00   0.00000000E+00   0.00000000E+00
   1   17    7    0.00000000E+00   0.00000000E+00   0.00000000E+00
   1   17    8    0.00000000E+00   0.00000000E+00   0.00000000E+00
   1   17    9    0.00000000E+00   0.00000000E+00   0.00000000E+00
   1   17   10    0.00000000E+00   0.00000000E+00   0.00000000E+00
   1   17   11    0.00000000E+00   0.00000000E+00   0.00000000E+00
   1   17   12    0.00000000E+00   0.00000000E+00   0.00000000E+00
   1   17   13    0.00000000E+00   0.00000000E+00   0.00000000E+00
   1   17   14    0.00000000E+00   0.00000000E+00   0.00000000E+00
   1   17   15    0.00000000E+00   0.00000000E+00   0.00000000E+00
   1   17   16    0.00000000E+00   0.00000000E+00   0.00000000E+00
   1   17   17    0.00000000E+00   0.00000000E+00   0.00000000E+00
   1   17   18    0.00000000E+00   0.00000000E+00   0.00000000E+00
   1   17   19    0.00000000E+00   0.00000000E+00   0.00000000E+00
   1   17   20    0.00000000E+00   0.00000000E+00   0.00000000E+00
   1   17   21    0.00000000E+00   0.00000000E+00   0.00000000E+00
   1   18    1    0.00000000E+00   0.00000000E+00   0.00000000E+00
   1   18    2    0.00000000E+00   0.00000000E+00   0.00000000E+00
   1   18    3    0.00000000E+00   0.00000000E+00   0.00000000E+00
   1   18    4    0.00000000E+00   0.00000000E+00   0.00000000E+00
   1   18    5    0.00000000E+00   0.00000000E+00   0.00000000E+00
   1   18    6    0.00000000E+00   0.00000000E+00   0.00000000E+00
   1   18    7    0.00000000E+00   0.00000000E+00   0.00000000E+00
   1   18    8    0.00000000E+00   0.00000000E+00   0.00000000E+00
   1   18    9    0.00000000E+00   0.00000000E+00   0.00000000E+00
   1   18   10    0.00000000E+00   0.00000000E+00   0.00000000E+00
   1   18   11    0.00000000E+00   0.00000000E+00   0.00000000E+00
   1   18   12    0.00000000E+00   0.00000000E+00   0.00000000E+00
   1   18   13    0.00000000E+00   0.00000000E+00   0.00000000E+00
   1   18   14    0.00000000E+00   0.00000000E+00   0.00000000E+00
   1   18   15    0.00000000E+00   0.00000000E+00   0.00000000E+00
   1   18   16    0.00000000E+00   0.00000000E+00   0.00000000E+00
   1   18   17    0.00000000E+00   0.00000000E+00   0.00000000E+00
   1   18   18    0.00000000E+00   0.00000000E+00   0.00000000E+00
   1   18   19    0.00000000E+00   0.00000000E+00   0.00000000E+00
   1   18   20    0.00000000E+00   0.00000000E+00   0.00000000E+00
   1   18   21    0.00000000E+00   0.00000000E+00   0.00000000E+00
   1   19    1    0.00000000E+00   0.00000000E+00   0.00000000E+00
   1   19    2    0.00000000E+00   0.00000000E+00   0.00000000E+00
   1   19    3    0.00000000E+00   0.00000000E+00   0.00000000E+00
   1   19    4    0.00000000E+00   0.00000000E+00   0.00000000E+00
   1   19    5    0.00000000E+00   0.00000000E+00   0.00000000E+00
   1   19    6    0.00000000E+00   0.00000000E+00   0.00000000E+00
   1   19    7    0.00000000E+00   0.00000000E+00   0.00000000E+00
   1   19    8    0.00000000E+00   0.00000000E+00   0.00000000E+00
   1   19    9    0.00000000E+00   0.00000000E+00   0.00000000E+00
   1   19   10    0.00000000E+00   0.00000000E+00   0.00000000E+00
   1   19   11    0.00000000E+00   0.00000000E+00   0.00000000E+00
   1   19   12    0.00000000E+00   0.00000000E+00   0.00000000E+00
   1   19   13    0.00000000E+00   0.00000000E+00   0.00000000E+00
   1   19   14    0.00000000E+00   0.00000000E+00   0.00000000E+00
   1   19   15    0.00000000E+00   0.00000000E+00   0.00000000E+00
   1   19   16    0.00000000E+00   0.00000000E+00   0.00000000E+00
   1   19   17    0.00000000E+00   0.00000000E+00   0.00000000E+00
   1   19   18    0.00000000E+00   0.00000000E+00   0.00000000E+00
   1   19   19    0.00000000E+00   0.00000000E+00   0.00000000E+00
   1   19   20    0.00000000E+00   0.00000000E+00   0.00000000E+00
   1   19   21    0.00000000E+00   0.00000000E+00   0.00000000E+00
   1   20    1    0.00000000E+00   0.00000000E+00   0.00000000E+00
   1   20    2    0.00000000E+00   0.00000000E+00   0.00000000E+00
   1   20    3    0.00000000E+00   0.00000000E+00   0.00000000E+00
   1   20    4    0.00000000E+00   0.00000000E+00   0.00000000E+00
   1   20    5    0.00000000E+00   0.00000000E+00   0.00000000E+00
   1   20    6    0.00000000E+00   0.00000000E+00   0.00000000E+00
   1   20    7    0.00000000E+00   0.00000000E+00   0.00000000E+00
   1   20    8    0.00000000E+00   0.00000000E+00   0.00000000E+00
   1   20    9    0.00000000E+00   0.00000000E+00   0.00000000E+00
   1   20   10    0.00000000E+00   0.00000000E+00   0.00000000E+00
   1   20   11    0.00000000E+00   0.00000000E+00   0.00000000E+00
   1   20   12    0.00000000E+00   0.00000000E+00   0.00000000E+00
   1   20   13    0.00000000E+00   0.00000000E+00   0.00000000E+00
   1   20   14    0.00000000E+00   0.00000000E+00   0.00000000E+00
   1   20   15    0.00000000E+00   0.00000000E+00   0.00000000E+00
   1   20   16    0.00000000E+00   0.00000000E+00   0.00000000E+00
   1   20   17    0.00000000E+00   0.00000000E+00   0.00000000E+00
   1   20   18    0.00000000E+00   0.00000000E+00   0.00000000E+00
   1   20   19    0.00000000E+00   0.00000000E+00   0.00000000E+00
   1   20   20    0.00000000E+00   0.00000000E+00   0.00000000E+00
   1   20   21    0.00000000E+00   0.00000000E+00   0.00000000E+00
   1   21    1    0.00000000E+00   0.00000000E+00   0.00000000E+00
   1   21    2    0.00000000E+00   0.00000000E+00   0.00000000E+00
   1   21    3    0.00000000E+00   0.00000000E+00   0.00000000E+00
   1   21    4    0.00000000E+00   0.00000000E+00   0.00000000E+00
   1   21    5    0.00000000E+00   0.00000000E+00   0.00000000E+00
   1   21    6    0.00000000E+00   0.00000000E+00   0.00000000E+00
   1   21    7    0.00000000E+00   0.00000000E+00   0.00000000E+00
   1   21    8    0.00000000E+00   0.00000000E+00   0.00000000E+00
   1   21    9    0.00000000E+00   0.00000000E+00   0.00000000E+00
   1   21   10    0.00000000E+00   0.00000000E+00   0.00000000E+00
   1   21   11    0.00000000E+00   0.00000000E+00   0.00000000E+00
   1   21   12    0.00000000E+00   0.00000000E+00   0.00000000E+00
   1   21   13    0.00000000E+00   0.00000000E+00   0.00000000E+00
   1   21   14    0.00000000E+00   0.00000000E+00   0.00000000E+00
   1   21   15    0.00000000E+00   0.00000000E+00   0.00000000E+00
   1   21   16    0.00000000E+00   0.00000000E+00   0.00000000E+00
   1   21   17    0.00000000E+00   0.00000000E+00   0.00000000E+00
   1   21   18    0.00000000E+00   0.00000000E+00   0.00000000E+00
   1   21   19    0.00000000E+00   0.00000000E+00   0.00000000E+00
   1   21   20    0.00000000E+00   0.00000000E+00   0.00000000E+00
   1   21   21    0.00000000E+00   0.00000000E+00   0.00000000E+00
   2    1    1    0.00000000E+00   0.00000000E+00   0.00000000E+00
   2    1    2    0.00000000E+00   0.00000000E+00   0.00000000E+00
   2    1    3    0.00000000E+00   0.00000000E+00   0.00000000E+00
   2    1    4    0.00000000E+00   0.00000000E+00   0.00000000E+00
   2    1    5    0.00000000E+00   0.00000000E+00   0.00000000E+00
   2    1    6    0.00000000E+00   0.00000000E+00   0.00000000E+00
   2    1    7    0.00000000E+00   0.00000000E+00   0.00000000E+00
   2    1    8    0.00000000E+00   0.00000000E+00   0.00000000E+00
   2    1    9    0.00000000E+00   0.00000000E+00   0.00000000E+00
   2    1   10    0.00000000E+00   0.00000000E+00   0.00000000E+00
   2    1   11    0.00000000E+00   0.00000000E+00   0.00000000E+00
   2    1   12    0.00000000E+00   0.00000000E+00   0.00000000E+00
   2    1   13    0.00000000E+00   0.00000000E+00   0.00000000E+00
   2    1   14    0.00000000E+00   0.00000000E+00   0.00000000E+00
   2    1   15    0.00000000E+00   0.00000000E+00   0.00000000E+00
   2    1   16    0.00000000E+00   0.00000000E+00   0.00000000E+00
   2    1   17    0.00000000E+00   0.00000000E+00   0.00000000E+00
   2    1   18    0.00000000E+00   0.00000000E+00   0.00000000E+00
   2    1   19    0.00000000E+00   0.00000000E+00   0.00000000E+00
   2    1   20    0.00000000E+00   0.00000000E+00   0.00000000E+00
   2    1   21    0.00000000E+00   0.00000000E+00   0.00000000E+00
   2    2    1    0.00000000E+00   0.00000000E+00   0.00000000E+00
   2    2    2    0.00000000E+00   0.00000000E+00   0.00000000E+00
   2    2    3    0.00000000E+00   0.00000000E+00   0.00000000E+00
   2    2    4    0.00000000E+00   0.00000000E+00   0.00000000E+00
   2    2    5    0.00000000E+00   0.00000000E+00   0.00000000E+00
   2    2    6    0.00000000E+00   0.00000000E+00   0.00000000E+00
   2    2    7    0.00000000E+00   0.00000000E+00   0.00000000E+00
   2    2    8    0.00000000E+00   0.00000000E+00   0.00000000E+00
   2    2    9    0.00000000E+00   0.00000000E+00   0.00000000E+00
   2    2   10    0.00000000E+00   0.00000000E+00   0.00000000E+00
   2    2   11    0.00000000E+00   0.00000000E+00   0.00000000E+00
   2    2   12    0.00000000E+00   0.00000000E+00   0.00000000E+00
   2    2   13    0.00000000E+00   0.00000000E+00   0.00000000E+00
   2    2   14    0.00000000E+00   0.00000000E+00   0.00000000E+00
   2    2   15    0.00000000E+00   0.00000000E+00   0.00000000E+00
   2    2   16    0.00000000E+00   0.00000000E+00   0.00000000E+00
   2    2   17    0.00000000E+00   0.00000000E+00   0.00000000E+00
   2    2   18    0.00000000E+00   0.00000000E+00   0.00000000E+00
   2    2   19    0.00000000E+00   0.00000000E+00   0.00000000E+00
   2    2   20    0.00000000E+00   0.00000000E+00   0.00000000E+00
   2    2   21    0.00000000E+00   0.00000000E+00   0.00000000E+00
   2    3    1    0.00000000E+00   0.00000000E+00   0.00000000E+00
   2    3    2    0.00000000E+00   0.00000000E+00   0.00000000E+00
   2    3    3    0.00000000E+00   0.00000000E+00   0.00000000E+00
   2    3    4    0.00000000E+00   0.00000000E+00   0.00000000E+00
   2    3    5    0.00000000E+00   0.00000000E+00   0.00000000E+00
   2    3    6    0.00000000E+00   0.00000000E+00   0.00000000E+00
   2    3    7    0.00000000E+00   0.00000000E+00   0.00000000E+00
   2    3    8    0.00000000E+00   0.00000000E+00   0.00000000E+00
   2    3    9    0.00000000E+00   0.00000000E+00   0.00000000E+00
   2    3   10    0.00000000E+00   0.00000000E+00   0.00000000E+00
   2    3   11    0.00000000E+00   0.00000000E+00   0.00000000E+00
   2    3   12    0.00000000E+00   0.00000000E+00   0.00000000E+00
   2    3   13    0.00000000E+00   0.00000000E+00   0.00000000E+00
   2    3   14    0.00000000E+00   0.00000000E+00   0.00000000E+00
   2    3   15    0.00000000E+00   0.00000000E+00   0.00000000E+00
   2    3   16    0.00000000E+00   0.00000000E+00   0.00000000E+00
   2    3   17    0.00000000E+00   0.00000000E+00   0.00000000E+00
   2    3   18    0.00000000E+00   0.00000000E+00   0.00000000E+00
   2    3   19    0.00000000E+00   0.00000000E+00   0.00000000E+00
   2    3   20    0.00000000E+00   0.00000000E+00   0.00000000E+00
   2    3   21    0.00000000E+00   0.00000000E+00   0.00000000E+00
   2    4    1    0.00000000E+00   0.00000000E+00   0.00000000E+00
   2    4    2    0.00000000E+00   0.00000000E+00   0.00000000E+00
   2    4    3    0.00000000E+00   0.00000000E+00   0.00000000E+00
   2    4    4    0.00000000E+00   0.00000000E+00   0.00000000E+00
   2    4    5    0.00000000E+00   0.00000000E+00   0.00000000E+00
   2    4    6    0.00000000E+00   0.00000000E+00   0.00000000E+00
   2    4    7    0.00000000E+00   0.00000000E+00   0.00000000E+00
   2    4    8    0.00000000E+00   0.00000000E+00   0.00000000E+00
   2    4    9    0.00000000E+00   0.00000000E+00   0.00000000E+00
   2    4   10    0.00000000E+00   0.00000000E+00   0.00000000E+00
   2    4   11    0.00000000E+00   0.00000000E+00   0.00000000E+00
   2    4   12    0.00000000E+00   0.00000000E+00   0.00000000E+00
   2    4   13    0.00000000E+00   0.00000000E+00   0.00000000E+00
   2    4   14    0.00000000E+00   0.00000000E+00   0.00000000E+00
   2    4   15    0.00000000E+00   0.00000000E+00   0.00000000E+00
   2    4   16    0.00000000E+00   0.00000000E+00   0.00000000E+00
   2    4   17    0.00000000E+00   0.00000000E+00   0.00000000E+00
   2    4   18    0.00000000E+00   0.00000000E+00   0.00000000E+00
   2    4   19    0.00000000E+00   0.00000000E+00   0.00000000E+00
   2    4   20    0.00000000E+00   0.00000000E+00   0.00000000E+00
   2    4   21    0.00000000E+00   0.00000000E+00   0.00000000E+00
   2    5    1    0.00000000E+00   0.00000000E+00   0.00000000E+00
   2    5    2    0.00000000E+00   0.00000000E+00   0.00000000E+00
   2    5    3    0.00000000E+00   0.00000000E+00   0.00000000E+00
   2    5    4    0.00000000E+00   0.00000000E+00   0.00000000E+00
   2    5    5    0.00000000E+00   0.00000000E+00   0.00000000E+00
   2    5    6    0.00000000E+00   0.00000000E+00   0.00000000E+00
   2    5    7    0.00000000E+00   0.00000000E+00   0.00000000E+00
   2    5    8    0.00000000E+00   0.00000000E+00   0.00000000E+00
   2    5    9    0.00000000E+00   0.00000000E+00   0.00000000E+00
   2    5   10    0.00000000E+00   0.00000000E+00   0.00000000E+00
   2    5   11    0.00000000E+00   0.00000000E+00   0.00000000E+00
   2    5   12    0.00000000E+00   0.00000000E+00   0.00000000E+00
   2    5   13    0.00000000E+00   0.00000000E+00   0.00000000E+00
   2    5   14    0.00000000E+00   0.00000000E+00   0.00000000E+00
   2    5   15    0.00000000E+00   0.00000000E+00   0.00000000E+00
   2    5   16    0.00000000E+00   0.00000000E+00   0.00000000E+00
   2    5   17    0.00000000E+00   0.00000000E+00   0.00000000E+00
   2    5   18    0.00000000E+00   0.00000000E+00   0.00000000E+00
   2    5   19    0.00000000E+00   0.00000000E+00   0.00000000E+00
   2    5   20    0.00000000E+00   0.00000000E+00   0.00000000E+00
   2    5   21    0.00000000E+00   0.00000000E+00   0.00000000E+00
   2    6    1    0.00000000E+00   0.00000000E+00   0.00000000E+00
   2    6    2    0.00000000E+00   0.00000000E+00   0.00000000E+00
   2    6    3    0.00000000E+00   0.00000000E+00   0.00000000E+00
   2    6    4    0.00000000E+00   0.00000000E+00   0.00000000E+00
   2    6    5    0.00000000E+00   0.00000000E+00   0.00000000E+00
   2    6    6    0.00000000E+00   0.00000000E+00   0.00000000E+00
   2    6    7    0.00000000E+00   0.00000000E+00   0.00000000E+00
   2    6    8    0.00000000E+00   0.00000000E+00   0.00000000E+00
   2    6    9    0.00000000E+00   0.00000000E+00   0.00000000E+00
   2    6   10    0.00000000E+00   0.00000000E+00   0.00000000E+00
   2    6   11    0.00000000E+00   0.00000000E+00   0.00000000E+00
   2    6   12    0.00000000E+00   0.00000000E+00   0.00000000E+00
   2    6   13    0.00000000E+00   0.00000000E+00   0.00000000E+00
   2    6   14    0.00000000E+00   0.00000000E+00   0.00000000E+00
   2    6   15    0.00000000E+00   0.00000000E+00   0.00000000E+00
   2    6   16    0.00000000E+00   0.00000000E+00   0.00000000E+00
   2    6   17    0.00000000E+00   0.00000000E+00   0.00000000E+00
   2    6   18    0.00000000E+00   0.00000000E+00   0.00000000E+00
   2    6   19    0.00000000E+00   0.00000000E+00   0.00000000E+00
   2    6   20    0.00000000E+00   0.00000000E+00   0.00000000E+00
   2    6   21    0.00000000E+00   0.00000000E+00   0.00000000E+00
   2    7    1    0.00000000E+00   0.00000000E+00   0.00000000E+00
   2    7    2    0.00000000E+00   0.00000000E+00   0.00000000E+00
   2    7    3    0.00000000E+00   0.00000000E+00   0.00000000E+00
   2    7    4    0.00000000E+00   0.00000000E+00   0.00000000E+00
   2    7    5    0.00000000E+00   0.00000000E+00   0.00000000E+00
   2    7    6    0.00000000E+00   0.00000000E+00   0.00000000E+00
   2    7    7    0.00000000E+00   0.00000000E+00   0.00000000E+00
   2    7    8    0.00000000E+00   0.00000000E+00   0.00000000E+00
   2    7    9    0.00000000E+00   0.00000000E+00   0.00000000E+00
   2    7   10    0.00000000E+00   0.00000000E+00   0.00000000E+00
   2    7   11    0.00000000E+00   0.00000000E+00   0.00000000E+00
   2    7   12    0.00000000E+00   0.00000000E+00   0.00000000E+00
   2    7   13    0.00000000E+00   0.00000000E+00   0.00000000E+00
   2    7   14    0.00000000E+00   0.00000000E+00   0.00000000E+00
   2    7   15    0.00000000E+00   0.00000000E+00   0.00000000E+00
   2    7   16    0.00000000E+00   0.00000000E+00   0.00000000E+00
   2    7   17    0.00000000E+00   0.00000000E+00   0.00000000E+00
   2    7   18    0.00000000E+00   0.00000000E+00   0.00000000E+00
   2    7   19    0.00000000E+00   0.00000000E+00   0.00000000E+00
   2    7   20    0.00000000E+00   0.00000000E+00   0.00000000E+00
   2    7   21    0.00000000E+00   0.00000000E+00   0.00000000E+00
   2    8    1    0.00000000E+00   0.00000000E+00   0.00000000E+00
   2    8    2    0.00000000E+00   0.00000000E+00   0.00000000E+00
   2    8    3    0.00000000E+00   0.00000000E+00   0.00000000E+00
   2    8    4    0.00000000E+00   0.00000000E+00   0.00000000E+00
   2    8    5    0.00000000E+00   0.00000000E+00   0.00000000E+00
   2    8    6    0.00000000E+00   0.00000000E+00   0.00000000E+00
   2    8    7    0.00000000E+00   0.00000000E+00   0.00000000E+00
   2    8    8    0.00000000E+00   0.00000000E+00   0.00000000E+00
   2    8    9    0.00000000E+00   0.00000000E+00   0.00000000E+00
   2    8   10    0.00000000E+00   0.00000000E+00   0.00000000E+00
   2    8   11    0.00000000E+00   0.00000000E+00   0.00000000E+00
   2    8   12    0.00000000E+00   0.00000000E+00   0.00000000E+00
   2    8   13    0.00000000E+00   0.00000000E+00   0.00000000E+00
   2    8   14    0.00000000E+00   0.00000000E+00   0.00000000E+00
   2    8   15    0.00000000E+00   0.00000000E+00   0.00000000E+00
   2    8   16    0.00000000E+00   0.00000000E+00   0.00000000E+00
   2    8   17    0.00000000E+00   0.00000000E+00   0.00000000E+00
   2    8   18    0.00000000E+00   0.00000000E+00   0.00000000E+00
   2    8   19    0.00000000E+00   0.00000000E+00   0.00000000E+00
   2    8   20    0.00000000E+00   0.00000000E+00   0.00000000E+00
   2    8   21    0.00000000E+00   0.00000000E+00   0.00000000E+00
   2    9    1    0.00000000E+00   0.00000000E+00   0.00000000E+00
   2    9    2    0.00000000E+00   0.00000000E+00   0.00000000E+00
   2    9    3    0.00000000E+00   0.00000000E+00   0.00000000E+00
   2    9    4    0.00000000E+00   0.00000000E+00   0.00000000E+00
   2    9    5    0.00000000E+00   0.00000000E+00   0.00000000E+00
   2    9    6    0.00000000E+00   0.00000000E+00   0.00000000E+00
   2    9    7    0.00000000E+00   0.00000000E+00   0.00000000E+00
   2    9    8    0.00000000E+00   0.00000000E+00   0.00000000E+00
   2    9    9    0.00000000E+00   0.00000000E+00   0.00000000E+00
   2    9   10    0.00000000E+00   0.00000000E+00   0.00000000E+00
   2    9   11    0.00000000E+00   0.00000000E+00   0.00000000E+00
   2    9   12    0.00000000E+00   0.00000000E+00   0.00000000E+00
   2    9   13    0.00000000E+00   0.00000000E+00   0.00000000E+00
   2    9   14    0.00000000E+00   0.00000000E+00   0.00000000E+00
   2    9   15    0.00000000E+00   0.00000000E+00   0.00000000E+00
   2    9   16    0.00000000E+00   0.00000000E+00   0.00000000E+00
   2    9   17    0.00000000E+00   0.00000000E+00   0.00000000E+00
   2    9   18    0.00000000E+00   0.00000000E+00   0.00000000E+00
   2    9   19    0.00000000E+00   0.00000000E+00   0.00000000E+00
   2    9   20    0.00000000E+00   0.00000000E+00   0.00000000E+00
   2    9   21    0.00000000E+00   0.00000000E+00   0.00000000E+00
   2   10    1    0.00000000E+00   0.00000000E+00   0.00000000E+00
   2   10    2    0.00000000E+00   0.00000000E+00   0.00000000E+00
   2   10    3    0.00000000E+00   0.00000000E+00   0.00000000E+00
   2   10    4    0.00000000E+00   0.00000000E+00   0.00000000E+00
   2   10    5    0.00000000E+00   0.00000000E+00   0.00000000E+00
   2   10    6    0.00000000E+00   0.00000000E+00   0.00000000E+00
   2   10    7    0.00000000E+00   0.00000000E+00   0.00000000E+00
   2   10    8    0.00000000E+00   0.00000000E+00   0.00000000E+00
   2   10    9    0.00000000E+00   0.00000000E+00   0.00000000E+00
   2   10   10    0.00000000E+00   0.00000000E+00   0.00000000E+00
   2   10   11    0.00000000E+00   0.00000000E+00   0.00000000E+00
   2   10   12    0.00000000E+00   0.00000000E+00   0.00000000E+00
   2   10   13    0.00000000E+00   0.00000000E+00   0.00000000E+00
   2   10   14    0.00000000E+00   0.00000000E+00   0.00000000E+00
   2   10   15    0.00000000E+00   0.00000000E+00   0.00000000E+00
   2   10   16    0.00000000E+00   0.00000000E+00   0.00000000E+00
   2   10   17    0.00000000E+00   0.00000000E+00   0.00000000E+00
   2   10   18    0.00000000E+00   0.00000000E+00   0.00000000E+00
   2   10   19    0.00000000E+00   0.00000000E+00   0.00000000E+00
   2   10   20    0.00000000E+00   0.00000000E+00   0.00000000E+00
   2   10   21    0.00000000E+00   0.00000000E+00   0.00000000E+00
   2   11    1    0.00000000E+00   0.00000000E+00   0.00000000E+00
   2   11    2    0.00000000E+00   0.00000000E+00   0.00000000E+00
   2   11    3    0.00000000E+00   0.00000000E+00   0.00000000E+00
   2   11    4    0.00000000E+00   0.00000000E+00   0.00000000E+00
   2   11    5    0.00000000E+00   0.00000000E+00   0.00000000E+00
   2   11    6    0.00000000E+00   0.00000000E+00   0.00000000E+00
   2   11    7    0.00000000E+00   0.00000000E+00   0.00000000E+00
   2   11    8    0.00000000E+00   0.00000000E+00   0.00000000E+00
   2   11    9    0.00000000E+00   0.00000000E+00   0.00000000E+00
   2   11   10    0.00000000E+00   0.00000000E+00   0.00000000E+00
   2   11   11    0.00000000E+00   0.00000000E+00   0.00000000E+00
   2   11   12    0.00000000E+00   0.00000000E+00   0.00000000E+00
   2   11   13    0.00000000E+00   0.00000000E+00   0.00000000E+00
   2   11   14    0.00000000E+00   0.00000000E+00   0.00000000E+00
   2   11   15    0.00000000E+00   0.00000000E+00   0.00000000E+00
   2   11   16    0.00000000E+00   0.00000000E+00   0.00000000E+00
   2   11   17    0.00000000E+00   0.00000000E+00   0.00000000E+00
   2   11   18    0.00000000E+00   0.00000000E+00   0.00000000E+00
   2   11   19    0.00000000E+00   0.00000000E+00   0.00000000E+00
   2   11   20    0.00000000E+00   0.00000000E+00   0.00000000E+00
   2   11   21    0.00000000E+00   0.00000000E+00   0.00000000E+00
   2   12    1    0.00000000E+00   0.00000000E+00   0.00000000E+00
   2   12    2    0.00000000E+00   0.00000000E+00   0.00000000E+00
   2   12    3    0.00000000E+00   0.00000000E+00   0.00000000E+00
   2   12    4    0.00000000E+00   0.00000000E+00   0.00000000E+00
   2   12    5    0.00000000E+00   0.00000000E+00   0.00000000E+00
   2   12    6    0.00000000E+00   0.00000000E+00   0.00000000E+00
   2   12    7    0.00000000E+00   0.00000000E+00   0.00000000E+00
   2   12    8    0.00000000E+00   0.00000000E+00   0.00000000E+00
   2   12    9    0.00000000E+00   0.00000000E+00   0.00000000E+00
   2   12   10    0.00000000E+00   0.00000000E+00   0.00000000E+00
   2   12   11    0.00000000E+00   0.00000000E+00   0.00000000E+00
   2   12   12    0.00000000E+00   0.00000000E+00   0.00000000E+00
   2   12   13    0.00000000E+00   0.00000000E+00   0.00000000E+00
   2   12   14    0.00000000E+00   0.00000000E+00   0.00000000E+00
   2   12   15    0.00000000E+00   0.00000000E+00   0.00000000E+00
   2   12   16    0.00000000E+00   0.00000000E+00   0.00000000E+00
   2   12   17    0.00000000E+00   0.00000000E+00   0.00000000E+00
   2   12   18    0.00000000E+00   0.00000000E+00   0.00000000E+00
   2   12   19    0.00000000E+00   0.00000000E+00   0.00000000E+00
   2   12   20    0.00000000E+00   0.00000000E+00   0.00000000E+00
   2   12   21    0.00000000E+00   0.00000000E+00   0.00000000E+00
   2   13    1    0.00000000E+00   0.00000000E+00   0.00000000E+00
   2   13    2    0.00000000E+00   0.00000000E+00   0.00000000E+00
   2   13    3    0.00000000E+00   0.00000000E+00   0.00000000E+00
   2   13    4    0.00000000E+00   0.00000000E+00   0.00000000E+00
   2   13    5    0.00000000E+00   0.00000000E+00   0.00000000E+00
   2   13    6    0.00000000E+00   0.00000000E+00   0.00000000E+00
   2   13    7    0.00000000E+00   0.00000000E+00   0.00000000E+00
   2   13    8    0.00000000E+00   0.00000000E+00   0.00000000E+00
   2   13    9    0.00000000E+00   0.00000000E+00   0.00000000E+00
   2   13   10    0.00000000E+00   0.00000000E+00   0.00000000E+00
   2   13   11    0.00000000E+00   0.00000000E+00   0.00000000E+00
   2   13   12    0.00000000E+00   0.00000000E+00   0.00000000E+00
   2   13   13    0.00000000E+00   0.00000000E+00   0.00000000E+00
   2   13   14    0.00000000E+00   0.00000000E+00   0.00000000E+00
   2   13   15    0.00000000E+00   0.00000000E+00   0.00000000E+00
   2   13   16    0.00000000E+00   0.00000000E+00   0.00000000E+00
   2   13   17    0.00000000E+00   0.00000000E+00   0.00000000E+00
   2   13   18    0.00000000E+00   0.00000000E+00   0.00000000E+00
   2   13   19    0.00000000E+00   0.00000000E+00   0.00000000E+00
   2   13   20    0.00000000E+00   0.00000000E+00   0.00000000E+00
   2   13   21    0.00000000E+00   0.00000000E+00   0.00000000E+00
   2   14    1    0.00000000E+00   0.00000000E+00   0.00000000E+00
   2   14    2    0.00000000E+00   0.00000000E+00   0.00000000E+00
   2   14    3    0.00000000E+00   0.00000000E+00   0.00000000E+00
   2   14    4    0.00000000E+00   0.00000000E+00   0.00000000E+00
   2   14    5    0.00000000E+00   0.00000000E+00   0.00000000E+00
   2   14    6    0.00000000E+00   0.00000000E+00   0.00000000E+00
   2   14    7    0.00000000E+00   0.00000000E+00   0.00000000E+00
   2   14    8    0.00000000E+00   0.00000000E+00   0.00000000E+00
   2   14    9    0.00000000E+00   0.00000000E+00   0.00000000E+00
   2   14   10    0.00000000E+00   0.00000000E+00   0.00000000E+00
   2   14   11    0.00000000E+00   0.00000000E+00   0.00000000E+00
   2   14   12    0.00000000E+00   0.00000000E+00   0.00000000E+00
   2   14   13    0.00000000E+00   0.00000000E+00   0.00000000E+00
   2   14   14    0.00000000E+00   0.00000000E+00   0.00000000E+00
   2   14   15    0.00000000E+00   0.00000000E+00   0.00000000E+00
   2   14   16    0.00000000E+00   0.00000000E+00   0.00000000E+00
   2   14   17    0.00000000E+00   0.00000000E+00   0.00000000E+00
   2   14   18    0.00000000E+00   0.00000000E+00   0.00000000E+00
   2   14   19    0.00000000E+00   0.00000000E+00   0.00000000E+00
   2   14   20    0.00000000E+00   0.00000000E+00   0.00000000E+00
   2   14   21    0.00000000E+00   0.00000000E+00   0.00000000E+00
   2   15    1    0.00000000E+00   0.00000000E+00   0.00000000E+00
   2   15    2    0.00000000E+00   0.00000000E+00   0.00000000E+00
   2   15    3    0.00000000E+00   0.00000000E+00   0.00000000E+00
   2   15    4    0.00000000E+00   0.00000000E+00   0.00000000E+00
   2   15    5    0.00000000E+00   0.00000000E+00   0.00000000E+00
   2   15    6    0.00000000E+00   0.00000000E+00   0.00000000E+00
   2   15    7    0.00000000E+00   0.00000000E+00   0.00000000E+00
   2   15    8    0.00000000E+00   0.00000000E+00   0.00000000E+00
   2   15    9    0.00000000E+00   0.00000000E+00   0.00000000E+00
   2   15   10    0.00000000E+00   0.00000000E+00   0.00000000E+00
   2   15   11    0.00000000E+00   0.00000000E+00   0.00000000E+00
   2   15   12    0.00000000E+00   0.00000000E+00   0.00000000E+00
   2   15   13    0.00000000E+00   0.00000000E+00   0.00000000E+00
   2   15   14    0.00000000E+00   0.00000000E+00   0.00000000E+00
   2   15   15    0.00000000E+00   0.00000000E+00   0.00000000E+00
   2   15   16    0.00000000E+00   0.00000000E+00   0.00000000E+00
   2   15   17    0.00000000E+00   0.00000000E+00   0.00000000E+00
   2   15   18    0.00000000E+00   0.00000000E+00   0.00000000E+00
   2   15   19    0.00000000E+00   0.00000000E+00   0.00000000E+00
   2   15   20    0.00000000E+00   0.00000000E+00   0.00000000E+00
   2   15   21    0.00000000E+00   0.00000000E+00   0.00000000E+00
   2   16    1    0.00000000E+00   0.00000000E+00   0.00000000E+00
   2   16    2    0.00000000E+00   0.00000000E+00   0.00000000E+00
   2   16    3    0.00000000E+00   0.00000000E+00   0.00000000E+00
   2   16    4    0.00000000E+00   0.00000000E+00   0.00000000E+00
   2   16    5    0.00000000E+00   0.00000000E+00   0.00000000E+00
   2   16    6    0.00000000E+00   0.00000000E+00   0.00000000E+00
   2   16    7    0.00000000E+00   0.00000000E+00   0.00000000E+00
   2   16    8    0.00000000E+00   0.00000000E+00   0.00000000E+00
   2   16    9    0.00000000E+00   0.00000000E+00   0.00000000E+00
   2   16   10    0.00000000E+00   0.00000000E+00   0.00000000E+00
   2   16   11    0.00000000E+00   0.00000000E+00   0.00000000E+00
   2   16   12    0.00000000E+00   0.00000000E+00   0.00000000E+00
   2   16   13    0.00000000E+00   0.00000000E+00   0.00000000E+00
   2   16   14    0.00000000E+00   0.00000000E+00   0.00000000E+00
   2   16   15    0.00000000E+00   0.00000000E+00   0.00000000E+00
   2   16   16    0.00000000E+00   0.00000000E+00   0.00000000E+00
   2   16   17    0.00000000E+00   0.00000000E+00   0.00000000E+00
   2   16   18    0.00000000E+00   0.00000000E+00   0.00000000E+00
   2   16   19    0.00000000E+00   0.00000000E+00   0.00000000E+00
   2   16   20    0.00000000E+00   0.00000000E+00   0.00000000E+00
   2   16   21    0.00000000E+00   0.00000000E+00   0.00000000E+00
   2   17    1    0.00000000E+00   0.00000000E+00   0.00000000E+00
   2   17    2    0.00000000E+00   0.00000000E+00   0.00000000E+00
   2   17    3    0.00000000E+00   0.00000000E+00   0.00000000E+00
   2   17    4    0.00000000E+00   0.00000000E+00   0.00000000E+00
   2   17    5    0.00000000E+00   0.00000000E+00   0.00000000E+00
   2   17    6    0.00000000E+00   0.00000000E+00   0.00000000E+00
   2   17    7    0.00000000E+00   0.00000000E+00   0.00000000E+00
   2   17    8    0.00000000E+00   0.00000000E+00   0.00000000E+00
   2   17    9    0.00000000E+00   0.00000000E+00   0.00000000E+00
   2   17   10    0.00000000E+00   0.00000000E+00   0.00000000E+00
   2   17   11    0.00000000E+00   0.00000000E+00   0.00000000E+00
   2   17   12    0.00000000E+00   0.00000000E+00   0.00000000E+00
   2   17   13    0.00000000E+00   0.00000000E+00   0.00000000E+00
   2   17   14    0.00000000E+00   0.00000000E+00   0.00000000E+00
   2   17   15    0.00000000E+00   0.00000000E+00   0.00000000E+00
   2   17   16    0.00000000E+00   0.00000000E+00   0.00000000E+00
   2   17   17    0.00000000E+00   0.00000000E+00   0.00000000E+00
   2   17   18    0.00000000E+00   0.00000000E+00   0.00000000E+00
   2   17   19    0.00000000E+00   0.00000000E+00   0.00000000E+00
   2   17   20    0.00000000E+00   0.00000000E+00   0.00000000E+00
   2   17   21    0.00000000E+00   0.00000000E+00   0.00000000E+00
   2   18    1    0.00000000E+00   0.00000000E+00   0.00000000E+00
   2   18    2    0.00000000E+00   0.00000000E+00   0.00000000E+00
   2   18    3    0.00000000E+00   0.00000000E+00   0.00000000E+00
   2   18    4    0.00000000E+00   0.00000000E+00   0.00000000E+00
   2   18    5    0.00000000E+00   0.00000000E+00   0.00000000E+00
   2   18    6    0.00000000E+00   0.00000000E+00   0.00000000E+00
   2   18    7    0.00000000E+00   0.00000000E+00   0.00000000E+00
   2   18    8    0.00000000E+00   0.00000000E+00   0.00000000E+00
   2   18    9    0.00000000E+00   0.00000000E+00   0.00000000E+00
   2   18   10    0.00000000E+00   0.00000000E+00   0.00000000E+00
   2   18   11    0.00000000E+00   0.00000000E+00   0.00000000E+00
   2   18   12    0.00000000E+00   0.00000000E+00   0.00000000E+00
   2   18   13    0.00000000E+00   0.00000000E+00   0.00000000E+00
   2   18   14    0.00000000E+00   0.00000000E+00   0.00000000E+00
   2   18   15    0.00000000E+00   0.00000000E+00   0.00000000E+00
   2   18   16    0.00000000E+00   0.00000000E+00   0.00000000E+00
   2   18   17    0.00000000E+00   0.00000000E+00   0.00000000E+00
   2   18   18    0.00000000E+00   0.00000000E+00   0.00000000E+00
   2   18   19    0.00000000E+00   0.00000000E+00   0.00000000E+00
   2   18   20    0.00000000E+00   0.00000000E+00   0.00000000E+00
   2   18   21    0.00000000E+00   0.00000000E+00   0.00000000E+00
   2   19    1    0.00000000E+00   0.00000000E+00   0.00000000E+00
   2   19    2    0.00000000E+00   0.00000000E+00   0.00000000E+00
   2   19    3    0.00000000E+00   0.00000000E+00   0.00000000E+00
   2   19    4    0.00000000E+00   0.00000000E+00   0.00000000E+00
   2   19    5    0.00000000E+00   0.00000000E+00   0.00000000E+00
   2   19    6    0.00000000E+00   0.00000000E+00   0.00000000E+00
   2   19    7    0.00000000E+00   0.00000000E+00   0.00000000E+00
   2   19    8    0.00000000E+00   0.00000000E+00   0.00000000E+00
   2   19    9    0.00000000E+00   0.00000000E+00   0.00000000E+00
   2   19   10    0.00000000E+00   0.00000000E+00   0.00000000E+00
   2   19   11    0.00000000E+00   0.00000000E+00   0.00000000E+00
   2   19   12    0.00000000E+00   0.00000000E+00   0.00000000E+00
   2   19   13    0.00000000E+00   0.00000000E+00   0.00000000E+00
   2   19   14    0.00000000E+00   0.00000000E+00   0.00000000E+00
   2   19   15    0.00000000E+00   0.00000000E+00   0.00000000E+00
   2   19   16    0.00000000E+00   0.00000000E+00   0.00000000E+00
   2   19   17    0.00000000E+00   0.00000000E+00   0.00000000E+00
   2   19   18    0.00000000E+00   0.00000000E+00   0.00000000E+00
   2   19   19    0.00000000E+00   0.00000000E+00   0.00000000E+00
   2   19   20    0.00000000E+00   0.00000000E+00   0.00000000E+00
   2   19   21    0.00000000E+00   0.00000000E+00   0.00000000E+00
   2   20    1    0.00000000E+00   0.00000000E+00   0.00000000E+00
   2   20    2    0.00000000E+00   0.00000000E+00   0.00000000E+00
   2   20    3    0.00000000E+00   0.00000000E+00   0.00000000E+00
   2   20    4    0.00000000E+00   0.00000000E+00   0.00000000E+00
   2   20    5    0.00000000E+00   0.00000000E+00   0.00000000E+00
   2   20    6    0.00000000E+00   0.00000000E+00   0.00000000E+00
   2   20    7    0.00000000E+00   0.00000000E+00   0.00000000E+00
   2   20    8    0.00000000E+00   0.00000000E+00   0.00000000E+00
   2   20    9    0.00000000E+00   0.00000000E+00   0.00000000E+00
   2   20   10    0.00000000E+00   0.00000000E+00   0.00000000E+00
   2   20   11    0.00000000E+00   0.00000000E+00   0.00000000E+00
   2   20   12    0.00000000E+00   0.00000000E+00   0.00000000E+00
   2   20   13    0.00000000E+00   0.00000000E+00   0.00000000E+00
   2   20   14    0.00000000E+00   0.00000000E+00   0.00000000E+00
   2   20   15    0.00000000E+00   0.00000000E+00   0.00000000E+00
   2   20   16    0.00000000E+00   0.00000000E+00   0.00000000E+00
   2   20   17    0.00000000E+00   0.00000000E+00   0.00000000E+00
   2   20   18    0.00000000E+00   0.00000000E+00   0.00000000E+00
   2   20   19    0.00000000E+00   0.00000000E+00   0.00000000E+00
   2   20   20    0.00000000E+00   0.00000000E+00   0.00000000E+00
   2   20   21    0.00000000E+00   0.00000000E+00   0.00000000E+00
   2   21    1    0.00000000E+00   0.00000000E+00   0.00000000E+00
   2   21    2    0.00000000E+00   0.00000000E+00   0.00000000E+00
   2   21    3    0.00000000E+00   0.00000000E+00   0.00000000E+00
   2   21    4    0.00000000E+00   0.00000000E+00   0.00000000E+00
   2   21    5    0.00000000E+00   0.00000000E+00   0.00000000E+00
   2   21    6    0.00000000E+00   0.00000000E+00   0.00000000E+00
   2   21    7    0.00000000E+00   0.00000000E+00   0.00000000E+00
   2   21    8    0.00000000E+00   0.00000000E+00   0.00000000E+00
   2   21    9    0.00000000E+00   0.00000000E+00   0.00000000E+00
   2   21   10    0.00000000E+00   0.00000000E+00   0.00000000E+00
   2   21   11    0.00000000E+00   0.00000000E+00   0.00000000E+00
   2   21   12    0.00000000E+00   0.00000000E+00   0.00000000E+00
   2   21   13    0.00000000E+00   0.00000000E+00   0.00000000E+00
   2   21   14    0.00000000E+00   0.00000000E+00   0.00000000E+00
   2   21   15    0.00000000E+00   0.00000000E+00   0.00000000E+00
   2   21   16    0.00000000E+00   0.00000000E+00   0.00000000E+00
   2   21   17    0.00000000E+00   0.00000000E+00   0.00000000E+00
   2   21   18    0.00000000E+00   0.00000000E+00   0.00000000E+00
   2   21   19    0.00000000E+00   0.00000000E+00   0.00000000E+00
   2   21   20    0.00000000E+00   0.00000000E+00   0.00000000E+00
   2   21   21    0.00000000E+00   0.00000000E+00   0.00000000E+00
