#  INPUT FOR RADIATIVE TRANSFER PROGRAM DAP
#  ~~~~~~~~~~~~~~~~~~~~~~~~~~~~~~~~~~~~~~~~~~~~~~~~~~~~~~~~~~~~~~~~~~~~~~
#  GENERAL PARAMETERS
#  ~~~~~~~~~~~~~~~~~~~~~~~~~~~~~~~~~~~~~~~~~~~~~~~~~~~~~~~~~~~~~~~~~~~~~~ 
#  3                 :size of Stokes parameters (1, 3, or 4)
#  20                :number of Gauss points
#  0.02              :depolarization factor (H2, see Hansen&Travis 1974)
#  0.4               :wavelength (in microns)
#
#  ~~~~~~~~~~~~~~~~~~~~~~~~~~~~~~~~~~~~~~~~~~~~~~~~~~~~~~~~~~~~~~~~~~~~~~
#  AEROSOL PARAMETERS
#  ~~~~~~~~~~~~~~~~~~~~~~~~~~~~~~~~~~~~~~~~~~~~~~~~~~~~~~~~~~~~~~~~~~~~~~
#  0                :number of aerosol types (max. 6)
#
#  ~~~~~~~~~~~~~~~~~~~~~~~~~~~~~~~~~~~~~~~~~~~~~~~~~~~~~~~~~~~~~~~~~~~~~~
#  LAYER PARAMETERS
#  ~~~~~~~~~~~~~~~~~~~~~~~~~~~~~~~~~~~~~~~~~~~~~~~~~~~~~~~~~~~~~~~~~~~~~~
#  0               :number of atmospheric levels (from bottom to top)
#  0                :level of reflecting surface (bottom atmosphere)
#  1.00               :albedo of reflecting level (bottom atmosphere)
  3
 21
  0.34357004E-02     0.88070036E-02
  0.18014036E-01     0.20300715E-01
  0.43882786E-01     0.31336024E-01
  0.80441514E-01     0.41638371E-01
  0.12683405E+00     0.50965060E-01
  0.18197316E+00     0.59097266E-01
  0.24456650E+00     0.65844319E-01
  0.31314696E+00     0.71048055E-01
  0.38610707E+00     0.74586493E-01
  0.46173674E+00     0.76376694E-01
  0.53826326E+00     0.76376694E-01
  0.61389293E+00     0.74586493E-01
  0.68685304E+00     0.71048055E-01
  0.75543350E+00     0.65844319E-01
  0.81802684E+00     0.59097266E-01
  0.87316595E+00     0.50965060E-01
  0.91955849E+00     0.41638371E-01
  0.95611721E+00     0.31336024E-01
  0.98198596E+00     0.20300715E-01
  0.99656430E+00     0.88070036E-02
  0.10000000E+01     0.50000000E+00
   0    1    1    0.41593132E+02   0.12472443E+02   0.00000000E+00
   0    1    2    0.13933151E+02   0.41877031E+01   0.00000000E+00
   0    1    3    0.67157419E+01   0.19977105E+01   0.00000000E+00
   0    1    4    0.40655720E+01   0.11747355E+01   0.00000000E+00
   0    1    5    0.28201611E+01   0.77282175E+00   0.00000000E+00
   0    1    6    0.21349399E+01   0.53852633E+00   0.00000000E+00
   0    1    7    0.17151192E+01   0.38325609E+00   0.00000000E+00
   0    1    8    0.14370739E+01   0.26995815E+00   0.00000000E+00
   0    1    9    0.12417891E+01   0.18113747E+00   0.00000000E+00
   0    1   10    0.10982910E+01   0.10784049E+00   0.00000000E+00
   0    1   11    0.98912410E+00   0.45257632E-01   0.00000000E+00
   0    1   12    0.90390477E+00  -0.92438926E-02   0.00000000E+00
   0    1   13    0.83619704E+00  -0.57085043E-01   0.00000000E+00
   0    1   14    0.78188695E+00  -0.98986107E-01   0.00000000E+00
   0    1   15    0.73828588E+00  -0.13525607E+00   0.00000000E+00
   0    1   16    0.70361124E+00  -0.16596607E+00   0.00000000E+00
   0    1   17    0.67667364E+00  -0.19105850E+00   0.00000000E+00
   0    1   18    0.65668282E+00  -0.21041820E+00   0.00000000E+00
   0    1   19    0.64312476E+00  -0.22391999E+00   0.00000000E+00
   0    1   20    0.63568238E+00  -0.23146230E+00   0.00000000E+00
   0    1   21    0.63394834E+00  -0.23323311E+00   0.00000000E+00
   0    2    1    0.13933151E+02   0.41921686E+01   0.00000000E+00
   0    2    2    0.86743105E+01   0.26157628E+01   0.00000000E+00
   0    2    3    0.53685868E+01   0.16026460E+01   0.00000000E+00
   0    2    4    0.36218105E+01   0.10509355E+01   0.00000000E+00
   0    2    5    0.26521579E+01   0.73078900E+00   0.00000000E+00
   0    2    6    0.20696664E+01   0.52606039E+00   0.00000000E+00
   0    2    7    0.16938028E+01   0.38270703E+00   0.00000000E+00
   0    2    8    0.14364455E+01   0.27439880E+00   0.00000000E+00
   0    2    9    0.12515198E+01   0.18753696E+00   0.00000000E+00
   0    2   10    0.11133815E+01   0.11476719E+00   0.00000000E+00
   0    2   11    0.10069918E+01   0.52004503E-01   0.00000000E+00
   0    2   12    0.92315222E+00  -0.30265209E-02   0.00000000E+00
   0    2   13    0.85604709E+00  -0.51556252E-01   0.00000000E+00
   0    2   14    0.80190605E+00  -0.94195468E-01   0.00000000E+00
   0    2   15    0.75824039E+00  -0.13118559E+00   0.00000000E+00
   0    2   16    0.72338891E+00  -0.16255338E+00   0.00000000E+00
   0    2   17    0.69623851E+00  -0.18821064E+00   0.00000000E+00
   0    2   18    0.67604783E+00  -0.20802065E+00   0.00000000E+00
   0    2   19    0.66233420E+00  -0.22184317E+00   0.00000000E+00
   0    2   20    0.65479963E+00  -0.22956685E+00   0.00000000E+00
   0    2   21    0.65304342E+00  -0.23138046E+00   0.00000000E+00
   0    3    1    0.67157419E+01   0.20091443E+01   0.00000000E+00
   0    3    2    0.53685868E+01   0.16096358E+01   0.00000000E+00
   0    3    3    0.40258879E+01   0.11952258E+01   0.00000000E+00
   0    3    4    0.30498732E+01   0.88074083E+00   0.00000000E+00
   0    3    5    0.23929454E+01   0.65708557E+00   0.00000000E+00
   0    3    6    0.19489681E+01   0.49477550E+00   0.00000000E+00
   0    3    7    0.16399784E+01   0.37143360E+00   0.00000000E+00
   0    3    8    0.14173143E+01   0.27301809E+00   0.00000000E+00
   0    3    9    0.12514227E+01   0.19111375E+00   0.00000000E+00
   0    3   10    0.11241627E+01   0.12073802E+00   0.00000000E+00
   0    3   11    0.10241581E+01   0.58974685E-01   0.00000000E+00
   0    3   12    0.94411442E+00   0.41645223E-02   0.00000000E+00
   0    3   13    0.87926192E+00  -0.44577004E-01   0.00000000E+00
   0    3   14    0.82643316E+00  -0.87654876E-01   0.00000000E+00
   0    3   15    0.78350195E+00  -0.12518129E+00   0.00000000E+00
   0    3   16    0.74903300E+00  -0.15709798E+00   0.00000000E+00
   0    3   17    0.72205789E+00  -0.18325888E+00   0.00000000E+00
   0    3   18    0.70192929E+00  -0.20348719E+00   0.00000000E+00
   0    3   19    0.68822519E+00  -0.21761528E+00   0.00000000E+00
   0    3   20    0.68068477E+00  -0.22551426E+00   0.00000000E+00
   0    3   21    0.67892608E+00  -0.22736949E+00   0.00000000E+00
   0    4    1    0.40655720E+01   0.11953813E+01   0.00000000E+00
   0    4    2    0.36218105E+01   0.10671880E+01   0.00000000E+00
   0    4    3    0.30498732E+01   0.89003847E+00   0.00000000E+00
   0    4    4    0.25294092E+01   0.71843321E+00   0.00000000E+00
   0    4    5    0.21155430E+01   0.57202270E+00   0.00000000E+00
   0    4    6    0.18009855E+01   0.45108809E+00   0.00000000E+00
   0    4    7    0.15631812E+01   0.35041131E+00   0.00000000E+00
   0    4    8    0.13813041E+01   0.26474483E+00   0.00000000E+00
   0    4    9    0.12397134E+01   0.19014381E+00   0.00000000E+00
   0    4   10    0.11274256E+01   0.12396296E+00   0.00000000E+00
   0    4   11    0.10368965E+01   0.64558768E-01   0.00000000E+00
   0    4   12    0.96297006E+00   0.10996570E-01   0.00000000E+00
   0    4   13    0.90211931E+00  -0.37176816E-01   0.00000000E+00
   0    4   14    0.85192619E+00  -0.80098215E-01   0.00000000E+00
   0    4   15    0.81073179E+00  -0.11770633E+00   0.00000000E+00
   0    4   16    0.77740048E+00  -0.14982679E+00   0.00000000E+00
   0    4   17    0.75116002E+00  -0.17623389E+00   0.00000000E+00
   0    4   18    0.73149266E+00  -0.19669575E+00   0.00000000E+00
   0    4   19    0.71806091E+00  -0.21100723E+00   0.00000000E+00
   0    4   20    0.71065617E+00  -0.21901555E+00   0.00000000E+00
   0    4   21    0.70892769E+00  -0.22089714E+00   0.00000000E+00
   0    5    1    0.28201611E+01   0.80472596E+00   0.00000000E+00
   0    5    2    0.26521579E+01   0.75838338E+00   0.00000000E+00
   0    5    3    0.23929454E+01   0.67780127E+00   0.00000000E+00
   0    5    4    0.21155430E+01   0.58348501E+00   0.00000000E+00
   0    5    5    0.18632280E+01   0.48964457E+00   0.00000000E+00
   0    5    6    0.16502505E+01   0.40232898E+00   0.00000000E+00
   0    5    7    0.14758204E+01   0.32282966E+00   0.00000000E+00
   0    5    8    0.13340097E+01   0.25055909E+00   0.00000000E+00
   0    5    9    0.12182926E+01   0.18451395E+00   0.00000000E+00
   0    5   10    0.11230969E+01   0.12384196E+00   0.00000000E+00
   0    5   11    0.10440999E+01   0.67993923E-01   0.00000000E+00
   0    5   12    0.97809626E+00   0.16714801E-01   0.00000000E+00
   0    5   13    0.92276723E+00  -0.30015983E-01   0.00000000E+00
   0    5   14    0.87646144E+00  -0.72052365E-01   0.00000000E+00
   0    5   15    0.83801779E+00  -0.10914318E+00   0.00000000E+00
   0    5   16    0.80663027E+00  -0.14098376E+00   0.00000000E+00
   0    5   17    0.78174784E+00  -0.16725769E+00   0.00000000E+00
   0    5   18    0.76300152E+00  -0.18766985E+00   0.00000000E+00
   0    5   19    0.75015224E+00  -0.20197190E+00   0.00000000E+00
   0    5   20    0.74305272E+00  -0.20998348E+00   0.00000000E+00
   0    5   21    0.74139388E+00  -0.21186669E+00   0.00000000E+00
   0    6    1    0.21349399E+01   0.58352018E+00   0.00000000E+00
   0    6    2    0.20696664E+01   0.56686075E+00   0.00000000E+00
   0    6    3    0.19489681E+01   0.52881586E+00   0.00000000E+00
   0    6    4    0.18009855E+01   0.47596630E+00   0.00000000E+00
   0    6    5    0.16502505E+01   0.41579351E+00   0.00000000E+00
   0    6    6    0.15106496E+01   0.35347752E+00   0.00000000E+00
   0    6    7    0.13874614E+01   0.29181847E+00   0.00000000E+00
   0    6    8    0.12811693E+01   0.23210656E+00   0.00000000E+00
   0    6    9    0.11902194E+01   0.17489521E+00   0.00000000E+00
   0    6   10    0.11125034E+01   0.12046628E+00   0.00000000E+00
   0    6   11    0.10460168E+01   0.69057438E-01   0.00000000E+00
   0    6   12    0.98908878E+00   0.20951592E-01   0.00000000E+00
   0    6   13    0.94041945E+00  -0.23503511E-01   0.00000000E+00
   0    6   14    0.89904046E+00  -0.63907332E-01   0.00000000E+00
   0    6   15    0.86425381E+00  -0.99830847E-01   0.00000000E+00
   0    6   16    0.83557076E+00  -0.13084383E+00   0.00000000E+00
   0    6   17    0.81265877E+00  -0.15654081E+00   0.00000000E+00
   0    6   18    0.79529883E+00  -0.17656384E+00   0.00000000E+00
   0    6   19    0.78335238E+00  -0.19062151E+00   0.00000000E+00
   0    6   20    0.77673546E+00  -0.19850576E+00   0.00000000E+00
   0    6   21    0.77518773E+00  -0.20036001E+00   0.00000000E+00
   0    7    1    0.17151192E+01   0.44291341E+00   0.00000000E+00
   0    7    2    0.16938028E+01   0.43831775E+00   0.00000000E+00
   0    7    3    0.16399784E+01   0.42044315E+00   0.00000000E+00
   0    7    4    0.15631812E+01   0.39039511E+00   0.00000000E+00
   0    7    5    0.14758204E+01   0.35149604E+00   0.00000000E+00
   0    7    6    0.13874614E+01   0.30706894E+00   0.00000000E+00
   0    7    7    0.13037090E+01   0.25964728E+00   0.00000000E+00
   0    7    8    0.12271135E+01   0.21097005E+00   0.00000000E+00
   0    7    9    0.11583965E+01   0.16222499E+00   0.00000000E+00
   0    7   10    0.10973738E+01   0.11428432E+00   0.00000000E+00
   0    7   11    0.10435091E+01   0.67863969E-01   0.00000000E+00
   0    7   12    0.99620292E+00   0.23611327E-01   0.00000000E+00
   0    7   13    0.95492089E+00  -0.17855690E-01   0.00000000E+00
   0    7   14    0.91923832E+00  -0.55938715E-01   0.00000000E+00
   0    7   15    0.88884273E+00  -0.90064572E-01   0.00000000E+00
   0    7   16    0.86351872E+00  -0.11969831E+00   0.00000000E+00
   0    7   17    0.84312707E+00  -0.14435879E+00   0.00000000E+00
   0    7   18    0.82758394E+00  -0.16363418E+00   0.00000000E+00
   0    7   19    0.81684268E+00  -0.17719583E+00   0.00000000E+00
   0    7   20    0.81087783E+00  -0.18481174E+00   0.00000000E+00
   0    7   21    0.80948106E+00  -0.18660387E+00   0.00000000E+00
   0    8    1    0.14370739E+01   0.34555036E+00   0.00000000E+00
   0    8    2    0.14364455E+01   0.34611784E+00   0.00000000E+00
   0    8    3    0.14173143E+01   0.33833006E+00   0.00000000E+00
   0    8    4    0.13813041E+01   0.32120769E+00   0.00000000E+00
   0    8    5    0.13340097E+01   0.29584389E+00   0.00000000E+00
   0    8    6    0.12811693E+01   0.26406864E+00   0.00000000E+00
   0    8    7    0.12271135E+01   0.22772690E+00   0.00000000E+00
   0    8    8    0.11745807E+01   0.18841006E+00   0.00000000E+00
   0    8    9    0.11250794E+01   0.14743034E+00   0.00000000E+00
   0    8   10    0.10793308E+01   0.10588254E+00   0.00000000E+00
   0    8   11    0.10376157E+01   0.64714165E-01   0.00000000E+00
   0    8   12    0.10000003E+01   0.24776465E-01   0.00000000E+00
   0    8   13    0.96646620E+00  -0.13146710E-01   0.00000000E+00
   0    8   14    0.93697776E+00  -0.48327578E-01   0.00000000E+00
   0    8   15    0.91151116E+00  -0.80094676E-01   0.00000000E+00
   0    8   16    0.89006271E+00  -0.10783982E+00   0.00000000E+00
   0    8   17    0.87264667E+00  -0.13102828E+00   0.00000000E+00
   0    8   18    0.85928842E+00  -0.14920986E+00   0.00000000E+00
   0    8   19    0.85001643E+00  -0.16202950E+00   0.00000000E+00
   0    8   20    0.84485352E+00  -0.16923815E+00   0.00000000E+00
   0    8   21    0.84364311E+00  -0.17093541E+00   0.00000000E+00
   0    9    1    0.12417891E+01   0.27359442E+00   0.00000000E+00
   0    9    2    0.12515198E+01   0.27631540E+00   0.00000000E+00
   0    9    3    0.12514227E+01   0.27370793E+00   0.00000000E+00
   0    9    4    0.12397134E+01   0.26409884E+00   0.00000000E+00
   0    9    5    0.12182926E+01   0.24746652E+00   0.00000000E+00
   0    9    6    0.11902194E+01   0.22465637E+00   0.00000000E+00
   0    9    7    0.11583965E+01   0.19686540E+00   0.00000000E+00
   0    9    8    0.11250794E+01   0.16535368E+00   0.00000000E+00
   0    9    9    0.10918388E+01   0.13131890E+00   0.00000000E+00
   0    9   10    0.10597031E+01   0.95862008E-01   0.00000000E+00
   0    9   11    0.10293281E+01   0.59990814E-01   0.00000000E+00
   0    9   12    0.10011367E+01   0.24632783E-01   0.00000000E+00
   0    9   13    0.97541541E+00  -0.93552230E-02   0.00000000E+00
   0    9   14    0.95237422E+00  -0.41183407E-01   0.00000000E+00
   0    9   15    0.93218019E+00  -0.70131205E-01   0.00000000E+00
   0    9   16    0.91497429E+00  -0.95553408E-01   0.00000000E+00
   0    9   17    0.90087786E+00  -0.11688847E+00   0.00000000E+00
   0    9   18    0.88999353E+00  -0.13366750E+00   0.00000000E+00
   0    9   19    0.88240330E+00  -0.14552297E+00   0.00000000E+00
   0    9   20    0.87816464E+00  -0.15219797E+00   0.00000000E+00
   0    9   21    0.87716967E+00  -0.15377045E+00   0.00000000E+00
   0   10    1    0.10982910E+01   0.21772038E+00   0.00000000E+00
   0   10    2    0.11133815E+01   0.22117853E+00   0.00000000E+00
   0   10    3    0.11241627E+01   0.22120906E+00   0.00000000E+00
   0   10    4    0.11274256E+01   0.21602994E+00   0.00000000E+00
   0   10    5    0.11230969E+01   0.20511013E+00   0.00000000E+00
   0   10    6    0.11125034E+01   0.18870456E+00   0.00000000E+00
   0   10    7    0.10973738E+01   0.16751811E+00   0.00000000E+00
   0   10    8    0.10793308E+01   0.14247183E+00   0.00000000E+00
   0   10    9    0.10597031E+01   0.11456128E+00   0.00000000E+00
   0   10   10    0.10395074E+01   0.84782215E-01   0.00000000E+00
   0   10   11    0.10195013E+01   0.54096278E-01   0.00000000E+00
   0   10   12    0.10002494E+01   0.23416020E-01   0.00000000E+00
   0   10   13    0.98218132E+00  -0.64026571E-02   0.00000000E+00
   0   10   14    0.96563328E+00  -0.34566589E-01   0.00000000E+00
   0   10   15    0.95087599E+00  -0.60352119E-01   0.00000000E+00
   0   10   16    0.93813133E+00  -0.83112894E-01   0.00000000E+00
   0   10   17    0.92758139E+00  -0.10228827E+00   0.00000000E+00
   0   10   18    0.91937270E+00  -0.11741168E+00   0.00000000E+00
   0   10   19    0.91361755E+00  -0.12811843E+00   0.00000000E+00
   0   10   20    0.91039304E+00  -0.13415396E+00   0.00000000E+00
   0   10   21    0.90963505E+00  -0.13557653E+00   0.00000000E+00
   0   11    1    0.98912410E+00   0.17272758E+00   0.00000000E+00
   0   11    2    0.10069918E+01   0.17622470E+00   0.00000000E+00
   0   11    3    0.10241581E+01   0.17751156E+00   0.00000000E+00
   0   11    4    0.10368965E+01   0.17494308E+00   0.00000000E+00
   0   11    5    0.10440999E+01   0.16780229E+00   0.00000000E+00
   0   11    6    0.10460168E+01   0.15601905E+00   0.00000000E+00
   0   11    7    0.10435091E+01   0.13996093E+00   0.00000000E+00
   0   11    8    0.10376157E+01   0.12026434E+00   0.00000000E+00
   0   11    9    0.10293281E+01   0.97710467E-01   0.00000000E+00
   0   11   10    0.10195013E+01   0.73143377E-01   0.00000000E+00
   0   11   11    0.10088387E+01   0.47419584E-01   0.00000000E+00
   0   11   12    0.99790833E+00   0.21377608E-01   0.00000000E+00
   0   11   13    0.98716768E+00  -0.41813369E-02   0.00000000E+00
   0   11   14    0.97698775E+00  -0.28507111E-01   0.00000000E+00
   0   11   15    0.96767140E+00  -0.50911856E-01   0.00000000E+00
   0   11   16    0.95946635E+00  -0.70779993E-01   0.00000000E+00
   0   11   17    0.95257360E+00  -0.87577423E-01   0.00000000E+00
   0   11   18    0.94715246E+00  -0.10085990E+00   0.00000000E+00
   0   11   19    0.94332326E+00  -0.11028042E+00   0.00000000E+00
   0   11   20    0.94116802E+00  -0.11559681E+00   0.00000000E+00
   0   11   21    0.94066038E+00  -0.11685049E+00   0.00000000E+00
   0   12    1    0.90390477E+00   0.13558344E+00   0.00000000E+00
   0   12    2    0.92315222E+00   0.13877218E+00   0.00000000E+00
   0   12    3    0.94411442E+00   0.14054163E+00   0.00000000E+00
   0   12    4    0.96297006E+00   0.13948002E+00   0.00000000E+00
   0   12    5    0.97809626E+00   0.13485537E+00   0.00000000E+00
   0   12    6    0.98908878E+00   0.12644140E+00   0.00000000E+00
   0   12    7    0.99620292E+00   0.11439161E+00   0.00000000E+00
   0   12    8    0.10000003E+01   0.99124973E-01   0.00000000E+00
   0   12    9    0.10011367E+01   0.81229168E-01   0.00000000E+00
   0   12   10    0.10002494E+01   0.61386553E-01   0.00000000E+00
   0   12   11    0.99790833E+00   0.40321578E-01   0.00000000E+00
   0   12   12    0.99460186E+00   0.18764593E-01   0.00000000E+00
   0   12   13    0.99073984E+00  -0.25732574E-02   0.00000000E+00
   0   12   14    0.98666258E+00  -0.23018261E-01   0.00000000E+00
   0   12   15    0.98265082E+00  -0.41948243E-01   0.00000000E+00
   0   12   16    0.97893426E+00  -0.58804139E-01   0.00000000E+00
   0   12   17    0.97569818E+00  -0.73099824E-01   0.00000000E+00
   0   12   18    0.97308813E+00  -0.84430519E-01   0.00000000E+00
   0   12   19    0.97121302E+00  -0.92479914E-01   0.00000000E+00
   0   12   20    0.97014682E+00  -0.97027106E-01   0.00000000E+00
   0   12   21    0.96989460E+00  -0.98099862E-01   0.00000000E+00
   0   13    1    0.83619704E+00   0.10446924E+00   0.00000000E+00
   0   13    2    0.85604709E+00   0.10718639E+00   0.00000000E+00
   0   13    3    0.87926192E+00   0.10900232E+00   0.00000000E+00
   0   13    4    0.90211931E+00   0.10876638E+00   0.00000000E+00
   0   13    5    0.92276723E+00   0.10581872E+00   0.00000000E+00
   0   13    6    0.94041945E+00   0.99880716E-01   0.00000000E+00
   0   13    7    0.95492089E+00   0.90981263E-01   0.00000000E+00
   0   13    8    0.96646620E+00   0.79383187E-01   0.00000000E+00
   0   13    9    0.97541541E+00   0.65512789E-01   0.00000000E+00
   0   13   10    0.98218132E+00   0.49899681E-01   0.00000000E+00
   0   13   11    0.98716768E+00   0.33129544E-01   0.00000000E+00
   0   13   12    0.99073984E+00   0.15808769E-01   0.00000000E+00
   0   13   13    0.99321428E+00  -0.14616439E-02   0.00000000E+00
   0   13   14    0.99485783E+00  -0.18105612E-01   0.00000000E+00
   0   13   15    0.99589131E+00  -0.33587035E-01   0.00000000E+00
   0   13   16    0.99649437E+00  -0.47421830E-01   0.00000000E+00
   0   13   17    0.99681038E+00  -0.59187783E-01   0.00000000E+00
   0   13   18    0.99695048E+00  -0.68532675E-01   0.00000000E+00
   0   13   19    0.99699681E+00  -0.75180959E-01   0.00000000E+00
   0   13   20    0.99700486E+00  -0.78940004E-01   0.00000000E+00
   0   13   21    0.99700492E+00  -0.79827167E-01   0.00000000E+00
   0   14    1    0.78188695E+00   0.78279239E-01   0.00000000E+00
   0   14    2    0.80190605E+00   0.80464864E-01   0.00000000E+00
   0   14    3    0.82643316E+00   0.82089157E-01   0.00000000E+00
   0   14    4    0.85192619E+00   0.82257416E-01   0.00000000E+00
   0   14    5    0.87646144E+00   0.80422080E-01   0.00000000E+00
   0   14    6    0.89904046E+00   0.76313048E-01   0.00000000E+00
   0   14    7    0.91923832E+00   0.69896088E-01   0.00000000E+00
   0   14    8    0.93697776E+00   0.61327415E-01   0.00000000E+00
   0   14    9    0.95237422E+00   0.50905152E-01   0.00000000E+00
   0   14   10    0.96563328E+00   0.39023867E-01   0.00000000E+00
   0   14   11    0.97698775E+00   0.26136016E-01   0.00000000E+00
   0   14   12    0.98666258E+00   0.12721216E-01   0.00000000E+00
   0   14   13    0.99485783E+00  -0.73755573E-03   0.00000000E+00
   0   14   14    0.10017425E+01  -0.13772280E-01   0.00000000E+00
   0   14   15    0.10074543E+01  -0.25944187E-01   0.00000000E+00
   0   14   16    0.10121022E+01  -0.36855099E-01   0.00000000E+00
   0   14   17    0.10157701E+01  -0.46156572E-01   0.00000000E+00
   0   14   18    0.10185206E+01  -0.53557295E-01   0.00000000E+00
   0   14   19    0.10203984E+01  -0.58829045E-01   0.00000000E+00
   0   14   20    0.10214330E+01  -0.61812094E-01   0.00000000E+00
   0   14   21    0.10216744E+01  -0.62516353E-01   0.00000000E+00
   0   15    1    0.73828588E+00   0.56341032E-01   0.00000000E+00
   0   15    2    0.75824039E+00   0.57996989E-01   0.00000000E+00
   0   15    3    0.78350195E+00   0.59313442E-01   0.00000000E+00
   0   15    4    0.81073179E+00   0.59630103E-01   0.00000000E+00
   0   15    5    0.83801779E+00   0.58524456E-01   0.00000000E+00
   0   15    6    0.86425381E+00   0.55767753E-01   0.00000000E+00
   0   15    7    0.88884273E+00   0.51302518E-01   0.00000000E+00
   0   15    8    0.91151116E+00   0.45215813E-01   0.00000000E+00
   0   15    9    0.93218019E+00   0.37707473E-01   0.00000000E+00
   0   15   10    0.95087599E+00   0.29057895E-01   0.00000000E+00
   0   15   11    0.96767140E+00   0.19598961E-01   0.00000000E+00
   0   15   12    0.98265082E+00   0.96896850E-02   0.00000000E+00
   0   15   13    0.99589131E+00  -0.30336237E-03   0.00000000E+00
   0   15   14    0.10074543E+01  -0.10021535E-01   0.00000000E+00
   0   15   15    0.10173836E+01  -0.19126335E-01   0.00000000E+00
   0   15   16    0.10257073E+01  -0.27309141E-01   0.00000000E+00
   0   15   17    0.10324406E+01  -0.34299009E-01   0.00000000E+00
   0   15   18    0.10375899E+01  -0.39868924E-01   0.00000000E+00
   0   15   19    0.10411564E+01  -0.43840773E-01   0.00000000E+00
   0   15   20    0.10431396E+01  -0.46089751E-01   0.00000000E+00
   0   15   21    0.10436043E+01  -0.46620858E-01   0.00000000E+00
   0   16    1    0.70361124E+00   0.38251114E-01   0.00000000E+00
   0   16    2    0.72338891E+00   0.39418380E-01   0.00000000E+00
   0   16    3    0.74903300E+00   0.40389204E-01   0.00000000E+00
   0   16    4    0.77740048E+00   0.40707517E-01   0.00000000E+00
   0   16    5    0.80663027E+00   0.40072184E-01   0.00000000E+00
   0   16    6    0.83557076E+00   0.38309980E-01   0.00000000E+00
   0   16    7    0.86351872E+00   0.35364107E-01   0.00000000E+00
   0   16    8    0.89006271E+00   0.31279320E-01   0.00000000E+00
   0   16    9    0.91497429E+00   0.26182356E-01   0.00000000E+00
   0   16   10    0.93813133E+00   0.20260636E-01   0.00000000E+00
   0   16   11    0.95946635E+00   0.13742055E-01   0.00000000E+00
   0   16   12    0.97893426E+00   0.68773727E-02   0.00000000E+00
   0   16   13    0.99649437E+00  -0.74386440E-04   0.00000000E+00
   0   16   14    0.10121022E+01  -0.68577170E-02   0.00000000E+00
   0   16   15    0.10257073E+01  -0.13230064E-01   0.00000000E+00
   0   16   16    0.10372554E+01  -0.18969372E-01   0.00000000E+00
   0   16   17    0.10466913E+01  -0.23880127E-01   0.00000000E+00
   0   16   18    0.10539637E+01  -0.27798184E-01   0.00000000E+00
   0   16   19    0.10590289E+01  -0.30594578E-01   0.00000000E+00
   0   16   20    0.10618555E+01  -0.32178846E-01   0.00000000E+00
   0   16   21    0.10625188E+01  -0.32553068E-01   0.00000000E+00
   0   17    1    0.67667364E+00   0.23773897E-01   0.00000000E+00
   0   17    2    0.69623851E+00   0.24519426E-01   0.00000000E+00
   0   17    3    0.72205789E+00   0.25158945E-01   0.00000000E+00
   0   17    4    0.75116002E+00   0.25405621E-01   0.00000000E+00
   0   17    5    0.78174784E+00   0.25065813E-01   0.00000000E+00
   0   17    6    0.81265877E+00   0.24023488E-01   0.00000000E+00
   0   17    7    0.84312707E+00   0.22234798E-01   0.00000000E+00
   0   17    8    0.87264667E+00   0.19720440E-01   0.00000000E+00
   0   17    9    0.90087786E+00   0.16554523E-01   0.00000000E+00
   0   17   10    0.92758139E+00   0.12851732E-01   0.00000000E+00
   0   17   11    0.95257360E+00   0.87546337E-02   0.00000000E+00
   0   17   12    0.97569818E+00   0.44222653E-02   0.00000000E+00
   0   17   13    0.99681038E+00   0.20452413E-04   0.00000000E+00
   0   17   14    0.10157701E+01  -0.42861428E-02   0.00000000E+00
   0   17   15    0.10324406E+01  -0.83404585E-02   0.00000000E+00
   0   17   16    0.10466913E+01  -0.11998213E-01   0.00000000E+00
   0   17   17    0.10584016E+01  -0.15132060E-01   0.00000000E+00
   0   17   18    0.10674662E+01  -0.17634900E-01   0.00000000E+00
   0   17   19    0.10737993E+01  -0.19422485E-01   0.00000000E+00
   0   17   20    0.10773402E+01  -0.20435667E-01   0.00000000E+00
   0   17   21    0.10781718E+01  -0.20675037E-01   0.00000000E+00
   0   18    1    0.65668282E+00   0.12777649E-01   0.00000000E+00
   0   18    2    0.67604783E+00   0.13186112E-01   0.00000000E+00
   0   18    3    0.70192929E+00   0.13543889E-01   0.00000000E+00
   0   18    4    0.73149266E+00   0.13695582E-01   0.00000000E+00
   0   18    5    0.76300152E+00   0.13534664E-01   0.00000000E+00
   0   18    6    0.79529883E+00   0.12995523E-01   0.00000000E+00
   0   18    7    0.82758394E+00   0.12051214E-01   0.00000000E+00
   0   18    8    0.85928842E+00   0.10709975E-01   0.00000000E+00
   0   18    9    0.88999353E+00   0.90096826E-02   0.00000000E+00
   0   18   10    0.91937270E+00   0.70111462E-02   0.00000000E+00
   0   18   11    0.94715246E+00   0.47912587E-02   0.00000000E+00
   0   18   12    0.97308813E+00   0.24366984E-02   0.00000000E+00
   0   18   13    0.99695048E+00   0.38491056E-04   0.00000000E+00
   0   18   14    0.10185206E+01  -0.23125168E-02   0.00000000E+00
   0   18   15    0.10375899E+01  -0.45293537E-02   0.00000000E+00
   0   18   16    0.10539637E+01  -0.65319120E-02   0.00000000E+00
   0   18   17    0.10674662E+01  -0.82493514E-02   0.00000000E+00
   0   18   18    0.10779461E+01  -0.96220124E-02   0.00000000E+00
   0   18   19    0.10852821E+01  -0.10602921E-01   0.00000000E+00
   0   18   20    0.10893887E+01  -0.11159072E-01   0.00000000E+00
   0   18   21    0.10903537E+01  -0.11290485E-01   0.00000000E+00
   0   19    1    0.64312476E+00   0.51930019E-02   0.00000000E+00
   0   19    2    0.66233420E+00   0.53611006E-02   0.00000000E+00
   0   19    3    0.68822519E+00   0.55103068E-02   0.00000000E+00
   0   19    4    0.71806091E+00   0.55771467E-02   0.00000000E+00
   0   19    5    0.75015224E+00   0.55176749E-02   0.00000000E+00
   0   19    6    0.78335238E+00   0.53043525E-02   0.00000000E+00
   0   19    7    0.81684268E+00   0.49253037E-02   0.00000000E+00
   0   19    8    0.85001643E+00   0.43830741E-02   0.00000000E+00
   0   19    9    0.88240330E+00   0.36925021E-02   0.00000000E+00
   0   19   10    0.91361755E+00   0.28780510E-02   0.00000000E+00
   0   19   11    0.94332326E+00   0.19710247E-02   0.00000000E+00
   0   19   12    0.97121302E+00   0.10069673E-02   0.00000000E+00
   0   19   13    0.99699681E+00   0.23389472E-04   0.00000000E+00
   0   19   14    0.10203984E+01  -0.94214061E-03   0.00000000E+00
   0   19   15    0.10411564E+01  -0.18535654E-02   0.00000000E+00
   0   19   16    0.10590289E+01  -0.26776113E-02   0.00000000E+00
   0   19   17    0.10737993E+01  -0.33848143E-02   0.00000000E+00
   0   19   18    0.10852821E+01  -0.39503368E-02   0.00000000E+00
   0   19   19    0.10933297E+01  -0.43546089E-02   0.00000000E+00
   0   19   20    0.10978379E+01  -0.45838733E-02   0.00000000E+00
   0   19   21    0.10988976E+01  -0.46380515E-02   0.00000000E+00
   0   20    1    0.63568238E+00   0.98502773E-03   0.00000000E+00
   0   20    2    0.65479963E+00   0.10171282E-02   0.00000000E+00
   0   20    3    0.68068477E+00   0.10458210E-02   0.00000000E+00
   0   20    4    0.71065617E+00   0.10590344E-02   0.00000000E+00
   0   20    5    0.74305272E+00   0.10483666E-02   0.00000000E+00
   0   20    6    0.77673546E+00   0.10085042E-02   0.00000000E+00
   0   20    7    0.81087783E+00   0.93709894E-03   0.00000000E+00
   0   20    8    0.84485352E+00   0.83454978E-03   0.00000000E+00
   0   20    9    0.87816464E+00   0.70361246E-03   0.00000000E+00
   0   20   10    0.91039304E+00   0.54889979E-03   0.00000000E+00
   0   20   11    0.94116802E+00   0.37635394E-03   0.00000000E+00
   0   20   12    0.97014682E+00   0.19274902E-03   0.00000000E+00
   0   20   13    0.99700486E+00   0.52534685E-05   0.00000000E+00
   0   20   14    0.10214330E+01  -0.17893931E-03   0.00000000E+00
   0   20   15    0.10431396E+01  -0.35291536E-03   0.00000000E+00
   0   20   16    0.10618555E+01  -0.51028796E-03   0.00000000E+00
   0   20   17    0.10773402E+01  -0.64539731E-03   0.00000000E+00
   0   20   18    0.10893887E+01  -0.75346971E-03   0.00000000E+00
   0   20   19    0.10978379E+01  -0.83074246E-03   0.00000000E+00
   0   20   20    0.11025729E+01  -0.87456966E-03   0.00000000E+00
   0   20   21    0.11036860E+01  -0.88492718E-03   0.00000000E+00
   0   21    1    0.63394834E+00   0.00000000E+00   0.00000000E+00
   0   21    2    0.65304342E+00   0.00000000E+00   0.00000000E+00
   0   21    3    0.67892608E+00   0.00000000E+00   0.00000000E+00
   0   21    4    0.70892769E+00   0.00000000E+00   0.00000000E+00
   0   21    5    0.74139388E+00   0.00000000E+00   0.00000000E+00
   0   21    6    0.77518773E+00   0.00000000E+00   0.00000000E+00
   0   21    7    0.80948106E+00   0.00000000E+00   0.00000000E+00
   0   21    8    0.84364311E+00   0.00000000E+00   0.00000000E+00
   0   21    9    0.87716967E+00   0.00000000E+00   0.00000000E+00
   0   21   10    0.90963505E+00   0.00000000E+00   0.00000000E+00
   0   21   11    0.94066038E+00   0.00000000E+00   0.00000000E+00
   0   21   12    0.96989460E+00   0.00000000E+00   0.00000000E+00
   0   21   13    0.99700492E+00   0.00000000E+00   0.00000000E+00
   0   21   14    0.10216744E+01   0.00000000E+00   0.00000000E+00
   0   21   15    0.10436043E+01   0.00000000E+00   0.00000000E+00
   0   21   16    0.10625188E+01   0.00000000E+00   0.00000000E+00
   0   21   17    0.10781718E+01   0.00000000E+00   0.00000000E+00
   0   21   18    0.10903537E+01   0.00000000E+00   0.00000000E+00
   0   21   19    0.10988976E+01   0.00000000E+00   0.00000000E+00
   0   21   20    0.11036860E+01   0.00000000E+00   0.00000000E+00
   0   21   21    0.11048119E+01   0.00000000E+00   0.00000000E+00
   1    1    1   -0.28785500E-03  -0.28785500E-03  -0.83783498E-01
   1    1    2   -0.49344129E-03  -0.49344129E-03  -0.14362174E+00
   1    1    3   -0.55921814E-03  -0.55921814E-03  -0.16276685E+00
   1    1    4   -0.59413756E-03  -0.59413756E-03  -0.17293055E+00
   1    1    5   -0.61824628E-03  -0.61824628E-03  -0.17994767E+00
   1    1    6   -0.63557961E-03  -0.63557961E-03  -0.18499273E+00
   1    1    7   -0.64653072E-03  -0.64653072E-03  -0.18818018E+00
   1    1    8   -0.65052051E-03  -0.65052051E-03  -0.18934145E+00
   1    1    9   -0.64677105E-03  -0.64677105E-03  -0.18825013E+00
   1    1   10   -0.63458490E-03  -0.63458490E-03  -0.18470321E+00
   1    1   11   -0.61346165E-03  -0.61346165E-03  -0.17855505E+00
   1    1   12   -0.58314868E-03  -0.58314868E-03  -0.16973211E+00
   1    1   13   -0.54366032E-03  -0.54366032E-03  -0.15823857E+00
   1    1   14   -0.49527913E-03  -0.49527913E-03  -0.14415667E+00
   1    1   15   -0.43854588E-03  -0.43854588E-03  -0.12764381E+00
   1    1   16   -0.37424185E-03  -0.37424185E-03  -0.10892738E+00
   1    1   17   -0.30336641E-03  -0.30336641E-03  -0.88298272E-01
   1    1   18   -0.22711511E-03  -0.22711511E-03  -0.66104457E-01
   1    1   19   -0.14688019E-03  -0.14688019E-03  -0.42751165E-01
   1    1   20   -0.64479110E-04  -0.64479110E-04  -0.18767384E-01
   1    1   21    0.00000000E+00   0.00000000E+00   0.00000000E+00
   1    2    1   -0.49344129E-03  -0.49344129E-03  -0.27392044E-01
   1    2    2   -0.15720082E-02  -0.15720082E-02  -0.87265740E-01
   1    2    3   -0.22876108E-02  -0.22876108E-02  -0.12699046E+00
   1    2    4   -0.27085022E-02  -0.27085022E-02  -0.15035510E+00
   1    2    5   -0.29752997E-02  -0.29752997E-02  -0.16516563E+00
   1    2    6   -0.31530920E-02  -0.31530920E-02  -0.17503528E+00
   1    2    7   -0.32675373E-02  -0.32675373E-02  -0.18138841E+00
   1    2    8   -0.33277242E-02  -0.33277242E-02  -0.18472952E+00
   1    2    9   -0.33360502E-02  -0.33360502E-02  -0.18519171E+00
   1    2   10   -0.32925048E-02  -0.32925048E-02  -0.18277441E+00
   1    2   11   -0.31966308E-02  -0.31966308E-02  -0.17745222E+00
   1    2   12   -0.30484633E-02  -0.30484633E-02  -0.16922711E+00
   1    2   13   -0.28489813E-02  -0.28489813E-02  -0.15815341E+00
   1    2   14   -0.26003062E-02  -0.26003062E-02  -0.14434889E+00
   1    2   15   -0.23057577E-02  -0.23057577E-02  -0.12799784E+00
   1    2   16   -0.19698248E-02  -0.19698248E-02  -0.10934944E+00
   1    2   17   -0.15980854E-02  -0.15980854E-02  -0.88713342E-01
   1    2   18   -0.11971150E-02  -0.11971150E-02  -0.66454568E-01
   1    2   19   -0.77450412E-03  -0.77450412E-03  -0.42994480E-01
   1    2   20   -0.34007275E-03  -0.34007275E-03  -0.18878210E-01
   1    2   21    0.00000000E+00   0.00000000E+00   0.00000000E+00
   1    3    1   -0.55921814E-03  -0.55921814E-03  -0.12743451E-01
   1    3    2   -0.22876108E-02  -0.22876108E-02  -0.52130026E-01
   1    3    3   -0.40334896E-02  -0.40334896E-02  -0.91915075E-01
   1    3    4   -0.53625088E-02  -0.53625088E-02  -0.12220074E+00
   1    3    5   -0.63113428E-02  -0.63113428E-02  -0.14382275E+00
   1    3    6   -0.69801048E-02  -0.69801048E-02  -0.15906248E+00
   1    3    7   -0.74364945E-02  -0.74364945E-02  -0.16946268E+00
   1    3    8   -0.77167912E-02  -0.77167912E-02  -0.17585008E+00
   1    3    9   -0.78386368E-02  -0.78386368E-02  -0.17862669E+00
   1    3   10   -0.78103933E-02  -0.78103933E-02  -0.17798308E+00
   1    3   11   -0.76367135E-02  -0.76367135E-02  -0.17402527E+00
   1    3   12   -0.73216829E-02  -0.73216829E-02  -0.16684635E+00
   1    3   13   -0.68705430E-02  -0.68705430E-02  -0.15656579E+00
   1    3   14   -0.62905892E-02  -0.62905892E-02  -0.14334981E+00
   1    3   15   -0.55915742E-02  -0.55915742E-02  -0.12742068E+00
   1    3   16   -0.47858077E-02  -0.47858077E-02  -0.10905889E+00
   1    3   17   -0.38880715E-02  -0.38880715E-02  -0.88601291E-01
   1    3   18   -0.29154661E-02  -0.29154661E-02  -0.66437579E-01
   1    3   19   -0.18874983E-02  -0.18874983E-02  -0.43012272E-01
   1    3   20   -0.82907165E-03  -0.82907165E-03  -0.18892867E-01
   1    3   21    0.00000000E+00   0.00000000E+00   0.00000000E+00
   1    4    1   -0.59413756E-03  -0.59413756E-03  -0.73859570E-02
   1    4    2   -0.27085022E-02  -0.27085022E-02  -0.33670453E-01
   1    4    3   -0.53625088E-02  -0.53625088E-02  -0.66663449E-01
   1    4    4   -0.78042779E-02  -0.78042779E-02  -0.97018039E-01
   1    4    5   -0.97896898E-02  -0.97896898E-02  -0.12169947E+00
   1    4    6   -0.11314211E-01  -0.11314211E-01  -0.14065139E+00
   1    4    7   -0.12429755E-01  -0.12429755E-01  -0.15451916E+00
   1    4    8   -0.13183105E-01  -0.13183105E-01  -0.16388434E+00
   1    4    9   -0.13605697E-01  -0.13605697E-01  -0.16913775E+00
   1    4   10   -0.13717456E-01  -0.13717456E-01  -0.17052707E+00
   1    4   11   -0.13532371E-01  -0.13532371E-01  -0.16822621E+00
   1    4   12   -0.13062881E-01  -0.13062881E-01  -0.16238979E+00
   1    4   13   -0.12322768E-01  -0.12322768E-01  -0.15318916E+00
   1    4   14   -0.11328895E-01  -0.11328895E-01  -0.14083394E+00
   1    4   15   -0.10102107E-01  -0.10102107E-01  -0.12558325E+00
   1    4   16   -0.86675616E-02  -0.86675616E-02  -0.10774986E+00
   1    4   17   -0.70546976E-02  -0.70546976E-02  -0.87699712E-01
   1    4   18   -0.52970369E-02  -0.52970369E-02  -0.65849542E-01
   1    4   19   -0.34324008E-02  -0.34324008E-02  -0.42669520E-01
   1    4   20   -0.15083875E-02  -0.15083875E-02  -0.18751357E-01
   1    4   21    0.00000000E+00   0.00000000E+00   0.00000000E+00
   1    5    1   -0.61824628E-03  -0.61824628E-03  -0.48744505E-02
   1    5    2   -0.29752997E-02  -0.29752997E-02  -0.23458210E-01
   1    5    3   -0.63113428E-02  -0.63113428E-02  -0.49760636E-01
   1    5    4   -0.97896898E-02  -0.97896898E-02  -0.77185031E-01
   1    5    5   -0.12927819E-01  -0.12927819E-01  -0.10192704E+00
   1    5    6   -0.15538140E-01  -0.15538140E-01  -0.12250764E+00
   1    5    7   -0.17578758E-01  -0.17578758E-01  -0.13859652E+00
   1    5    8   -0.19059004E-01  -0.19059004E-01  -0.15026726E+00
   1    5    9   -0.19999734E-01  -0.19999734E-01  -0.15768427E+00
   1    5   10   -0.20421659E-01  -0.20421659E-01  -0.16101086E+00
   1    5   11   -0.20344464E-01  -0.20344464E-01  -0.16040223E+00
   1    5   12   -0.19788988E-01  -0.19788988E-01  -0.15602268E+00
   1    5   13   -0.18779630E-01  -0.18779630E-01  -0.14806458E+00
   1    5   14   -0.17346133E-01  -0.17346133E-01  -0.13676243E+00
   1    5   15   -0.15524619E-01  -0.15524619E-01  -0.12240104E+00
   1    5   16   -0.13357976E-01  -0.13357976E-01  -0.10531853E+00
   1    5   17   -0.10895768E-01  -0.10895768E-01  -0.85905703E-01
   1    5   18   -0.81939266E-02  -0.81939266E-02  -0.64603526E-01
   1    5   19   -0.53150862E-02  -0.53150862E-02  -0.41905831E-01
   1    5   20   -0.23370676E-02  -0.23370676E-02  -0.18426185E-01
   1    5   21    0.00000000E+00   0.00000000E+00   0.00000000E+00
   1    6    1   -0.63557961E-03  -0.63557961E-03  -0.34927107E-02
   1    6    2   -0.31530920E-02  -0.31530920E-02  -0.17327236E-01
   1    6    3   -0.69801048E-02  -0.69801048E-02  -0.38357881E-01
   1    6    4   -0.11314211E-01  -0.11314211E-01  -0.62175164E-01
   1    6    5   -0.15538140E-01  -0.15538140E-01  -0.85386989E-01
   1    6    6   -0.19290545E-01  -0.19290545E-01  -0.10600764E+00
   1    6    7   -0.22395804E-01  -0.22395804E-01  -0.12307202E+00
   1    6    8   -0.24781005E-01  -0.24781005E-01  -0.13617945E+00
   1    6    9   -0.26422714E-01  -0.26422714E-01  -0.14520116E+00
   1    6   10   -0.27320894E-01  -0.27320894E-01  -0.15013694E+00
   1    6   11   -0.27488543E-01  -0.27488543E-01  -0.15105823E+00
   1    6   12   -0.26948655E-01  -0.26948655E-01  -0.14809137E+00
   1    6   13   -0.25733976E-01  -0.25733976E-01  -0.14141633E+00
   1    6   14   -0.23887478E-01  -0.23887478E-01  -0.13126924E+00
   1    6   15   -0.21462691E-01  -0.21462691E-01  -0.11794427E+00
   1    6   16   -0.18523638E-01  -0.18523638E-01  -0.10179324E+00
   1    6   17   -0.15144358E-01  -0.15144358E-01  -0.83223029E-01
   1    6   18   -0.11408265E-01  -0.11408265E-01  -0.62692018E-01
   1    6   19   -0.74084780E-02  -0.74084780E-02  -0.40711927E-01
   1    6   20   -0.32595453E-02  -0.32595453E-02  -0.17912231E-01
   1    6   21    0.00000000E+00   0.00000000E+00   0.00000000E+00
   1    7    1   -0.64653072E-03  -0.64653072E-03  -0.26435784E-02
   1    7    2   -0.32675373E-02  -0.32675373E-02  -0.13360527E-01
   1    7    3   -0.74364945E-02  -0.74364945E-02  -0.30406841E-01
   1    7    4   -0.12429755E-01  -0.12429755E-01  -0.50823622E-01
   1    7    5   -0.17578758E-01  -0.17578758E-01  -0.71877211E-01
   1    7    6   -0.22395804E-01  -0.22395804E-01  -0.91573475E-01
   1    7    7   -0.26573171E-01  -0.26573171E-01  -0.10865417E+00
   1    7    8   -0.29933854E-01  -0.29933854E-01  -0.12239556E+00
   1    7    9   -0.32383720E-01  -0.32383720E-01  -0.13241274E+00
   1    7   10   -0.33879590E-01  -0.33879590E-01  -0.13852915E+00
   1    7   11   -0.34411510E-01  -0.34411510E-01  -0.14070410E+00
   1    7   12   -0.33993946E-01  -0.33993946E-01  -0.13899674E+00
   1    7   13   -0.32661695E-01  -0.32661695E-01  -0.13354934E+00
   1    7   14   -0.30467905E-01  -0.30467905E-01  -0.12457923E+00
   1    7   15   -0.27482823E-01  -0.27482823E-01  -0.11237362E+00
   1    7   16   -0.23792628E-01  -0.23792628E-01  -0.97284902E-01
   1    7   17   -0.19498109E-01  -0.19498109E-01  -0.79725181E-01
   1    7   18   -0.14713364E-01  -0.14713364E-01  -0.60160995E-01
   1    7   19   -0.95658783E-02  -0.95658783E-02  -0.39113609E-01
   1    7   20   -0.42114061E-02  -0.42114061E-02  -0.17219881E-01
   1    7   21    0.00000000E+00   0.00000000E+00   0.00000000E+00
   1    8    1   -0.65052051E-03  -0.65052051E-03  -0.20773650E-02
   1    8    2   -0.33277242E-02  -0.33277242E-02  -0.10626718E-01
   1    8    3   -0.77167912E-02  -0.77167912E-02  -0.24642715E-01
   1    8    4   -0.13183105E-01  -0.13183105E-01  -0.42098779E-01
   1    8    5   -0.19059004E-01  -0.19059004E-01  -0.60862812E-01
   1    8    6   -0.24781005E-01  -0.24781005E-01  -0.79135387E-01
   1    8    7   -0.29933854E-01  -0.29933854E-01  -0.95590435E-01
   1    8    8   -0.34237258E-01  -0.34237258E-01  -0.10933288E+00
   1    8    9   -0.37514555E-01  -0.37514555E-01  -0.11979856E+00
   1    8   10   -0.39663976E-01  -0.39663976E-01  -0.12666250E+00
   1    8   11   -0.40638308E-01  -0.40638308E-01  -0.12977392E+00
   1    8   12   -0.40432105E-01  -0.40432105E-01  -0.12911543E+00
   1    8   13   -0.39073965E-01  -0.39073965E-01  -0.12477837E+00
   1    8   14   -0.36621724E-01  -0.36621724E-01  -0.11694740E+00
   1    8   15   -0.33159083E-01  -0.33159083E-01  -0.10588985E+00
   1    8   16   -0.28792835E-01  -0.28792835E-01  -0.91946719E-01
   1    8   17   -0.23650275E-01  -0.23650275E-01  -0.75524525E-01
   1    8   18   -0.17876891E-01  -0.17876891E-01  -0.57087865E-01
   1    8   19   -0.11635902E-01  -0.11635902E-01  -0.37157960E-01
   1    8   20   -0.51259283E-02  -0.51259283E-02  -0.16369082E-01
   1    8   21    0.00000000E+00   0.00000000E+00   0.00000000E+00
   1    9    1   -0.64677105E-03  -0.64677105E-03  -0.16751080E-02
   1    9    2   -0.33360502E-02  -0.33360502E-02  -0.86402203E-02
   1    9    3   -0.78386368E-02  -0.78386368E-02  -0.20301718E-01
   1    9    4   -0.13605697E-01  -0.13605697E-01  -0.35238145E-01
   1    9    5   -0.19999734E-01  -0.19999734E-01  -0.51798415E-01
   1    9    6   -0.26422714E-01  -0.26422714E-01  -0.68433644E-01
   1    9    7   -0.32383720E-01  -0.32383720E-01  -0.83872381E-01
   1    9    8   -0.37514555E-01  -0.37514555E-01  -0.97161015E-01
   1    9    9   -0.41558000E-01  -0.41558000E-01  -0.10763335E+00
   1    9   10   -0.44348049E-01  -0.44348049E-01  -0.11485946E+00
   1    9   11   -0.45791628E-01  -0.45791628E-01  -0.11859826E+00
   1    9   12   -0.45854544E-01  -0.45854544E-01  -0.11876121E+00
   1    9   13   -0.44551416E-01  -0.44551416E-01  -0.11538617E+00
   1    9   14   -0.41938440E-01  -0.41938440E-01  -0.10861868E+00
   1    9   15   -0.38107870E-01  -0.38107870E-01  -0.98697673E-01
   1    9   16   -0.33183439E-01  -0.33183439E-01  -0.85943619E-01
   1    9   17   -0.27316256E-01  -0.27316256E-01  -0.70747877E-01
   1    9   18   -0.20681238E-01  -0.20681238E-01  -0.53563478E-01
   1    9   19   -0.13475856E-01  -0.13475856E-01  -0.34901864E-01
   1    9   20   -0.59400038E-02  -0.59400038E-02  -0.15384343E-01
   1    9   21    0.00000000E+00   0.00000000E+00   0.00000000E+00
   1   10    1   -0.63458490E-03  -0.63458490E-03  -0.13743435E-02
   1   10    2   -0.32925048E-02  -0.32925048E-02  -0.71306970E-02
   1   10    3   -0.78103933E-02  -0.78103933E-02  -0.16915252E-01
   1   10    4   -0.13717456E-01  -0.13717456E-01  -0.29708391E-01
   1   10    5   -0.20421659E-01  -0.20421659E-01  -0.44227928E-01
   1   10    6   -0.27320894E-01  -0.27320894E-01  -0.59169850E-01
   1   10    7   -0.33879590E-01  -0.33879590E-01  -0.73374257E-01
   1   10    8   -0.39663976E-01  -0.39663976E-01  -0.85901710E-01
   1   10    9   -0.44348049E-01  -0.44348049E-01  -0.96046178E-01
   1   10   10   -0.47705004E-01  -0.47705004E-01  -0.10331646E+00
   1   10   11   -0.49594107E-01  -0.49594107E-01  -0.10740775E+00
   1   10   12   -0.49947941E-01  -0.49947941E-01  -0.10817407E+00
   1   10   13   -0.48761621E-01  -0.48761621E-01  -0.10560481E+00
   1   10   14   -0.46084012E-01  -0.46084012E-01  -0.99805816E-01
   1   10   15   -0.42010485E-01  -0.42010485E-01  -0.90983631E-01
   1   10   16   -0.36676651E-01  -0.36676651E-01  -0.79431953E-01
   1   10   17   -0.30252732E-01  -0.30252732E-01  -0.65519438E-01
   1   10   18   -0.22938663E-01  -0.22938663E-01  -0.49679095E-01
   1   10   19   -0.14961881E-01  -0.14961881E-01  -0.32403489E-01
   1   10   20   -0.65986713E-02  -0.65986713E-02  -0.14290982E-01
   1   10   21    0.00000000E+00   0.00000000E+00   0.00000000E+00
   1   11    1   -0.61346165E-03  -0.61346165E-03  -0.11397056E-02
   1   11    2   -0.31966308E-02  -0.31966308E-02  -0.59387868E-02
   1   11    3   -0.76367135E-02  -0.76367135E-02  -0.14187692E-01
   1   11    4   -0.13532371E-01  -0.13532371E-01  -0.25140804E-01
   1   11    5   -0.20344464E-01  -0.20344464E-01  -0.37796494E-01
   1   11    6   -0.27488543E-01  -0.27488543E-01  -0.51068956E-01
   1   11    7   -0.34411510E-01  -0.34411510E-01  -0.63930631E-01
   1   11    8   -0.40638308E-01  -0.40638308E-01  -0.75498944E-01
   1   11    9   -0.45791628E-01  -0.45791628E-01  -0.85072921E-01
   1   11   10   -0.49594107E-01  -0.49594107E-01  -0.92137268E-01
   1   11   11   -0.51861736E-01  -0.51861736E-01  -0.96350131E-01
   1   11   12   -0.52494127E-01  -0.52494127E-01  -0.97525005E-01
   1   11   13   -0.51464466E-01  -0.51464466E-01  -0.95612073E-01
   1   11   14   -0.48810227E-01  -0.48810227E-01  -0.90680955E-01
   1   11   15   -0.44624829E-01  -0.44624829E-01  -0.82905210E-01
   1   11   16   -0.39050077E-01  -0.39050077E-01  -0.72548285E-01
   1   11   17   -0.32269214E-01  -0.32269214E-01  -0.59950616E-01
   1   11   18   -0.24500793E-01  -0.24500793E-01  -0.45518233E-01
   1   11   19   -0.15995467E-01  -0.15995467E-01  -0.29716809E-01
   1   11   20   -0.70580675E-02  -0.70580675E-02  -0.13112668E-01
   1   11   21    0.00000000E+00   0.00000000E+00   0.00000000E+00
   1   12    1   -0.58314868E-03  -0.58314868E-03  -0.94991921E-03
   1   12    2   -0.30484633E-02  -0.30484633E-02  -0.49657899E-02
   1   12    3   -0.73216829E-02  -0.73216829E-02  -0.11926645E-01
   1   12    4   -0.13062881E-01  -0.13062881E-01  -0.21278761E-01
   1   12    5   -0.19788988E-01  -0.19788988E-01  -0.32235243E-01
   1   12    6   -0.26948655E-01  -0.26948655E-01  -0.43897973E-01
   1   12    7   -0.33993946E-01  -0.33993946E-01  -0.55374390E-01
   1   12    8   -0.40432105E-01  -0.40432105E-01  -0.65861819E-01
   1   12    9   -0.45854544E-01  -0.45854544E-01  -0.74694694E-01
   1   12   10   -0.49947941E-01  -0.49947941E-01  -0.81362628E-01
   1   12   11   -0.52494127E-01  -0.52494127E-01  -0.85510233E-01
   1   12   12   -0.53364168E-01  -0.53364168E-01  -0.86927485E-01
   1   12   13   -0.52510070E-01  -0.52510070E-01  -0.85536203E-01
   1   12   14   -0.49955881E-01  -0.49955881E-01  -0.81375560E-01
   1   12   15   -0.45788959E-01  -0.45788959E-01  -0.74587858E-01
   1   12   16   -0.40151625E-01  -0.40151625E-01  -0.65404931E-01
   1   12   17   -0.33233271E-01  -0.33233271E-01  -0.54135289E-01
   1   12   18   -0.25263246E-01  -0.25263246E-01  -0.41152529E-01
   1   12   19   -0.16506769E-01  -0.16506769E-01  -0.26888677E-01
   1   12   20   -0.72869618E-02  -0.72869618E-02  -0.11870086E-01
   1   12   21    0.00000000E+00   0.00000000E+00   0.00000000E+00
   1   13    1   -0.54366032E-03  -0.54366032E-03  -0.79152350E-03
   1   13    2   -0.28489813E-02  -0.28489813E-02  -0.41478760E-02
   1   13    3   -0.68705430E-02  -0.68705430E-02  -0.10002930E-01
   1   13    4   -0.12322768E-01  -0.12322768E-01  -0.17940909E-01
   1   13    5   -0.18779630E-01  -0.18779630E-01  -0.27341554E-01
   1   13    6   -0.25733976E-01  -0.25733976E-01  -0.37466495E-01
   1   13    7   -0.32661695E-01  -0.32661695E-01  -0.47552669E-01
   1   13    8   -0.39073965E-01  -0.39073965E-01  -0.56888392E-01
   1   13    9   -0.44551416E-01  -0.44551416E-01  -0.64863098E-01
   1   13   10   -0.48761621E-01  -0.48761621E-01  -0.70992800E-01
   1   13   11   -0.51464466E-01  -0.51464466E-01  -0.74927914E-01
   1   13   12   -0.52510070E-01  -0.52510070E-01  -0.76450225E-01
   1   13   13   -0.51832718E-01  -0.51832718E-01  -0.75464057E-01
   1   13   14   -0.49442996E-01  -0.49442996E-01  -0.71984824E-01
   1   13   15   -0.45419289E-01  -0.45419289E-01  -0.66126647E-01
   1   13   16   -0.39899193E-01  -0.39899193E-01  -0.58089855E-01
   1   13   17   -0.33071128E-01  -0.33071128E-01  -0.48148769E-01
   1   13   18   -0.25166605E-01  -0.25166605E-01  -0.36640450E-01
   1   13   19   -0.16455469E-01  -0.16455469E-01  -0.23957773E-01
   1   13   20   -0.72671915E-02  -0.72671915E-02  -0.10580417E-01
   1   13   21    0.00000000E+00   0.00000000E+00   0.00000000E+00
   1   14    1   -0.49527913E-03  -0.49527913E-03  -0.65562241E-03
   1   14    2   -0.26003062E-02  -0.26003062E-02  -0.34421377E-02
   1   14    3   -0.62905892E-02  -0.62905892E-02  -0.83271250E-02
   1   14    4   -0.11328895E-01  -0.11328895E-01  -0.14996549E-01
   1   14    5   -0.17346133E-01  -0.17346133E-01  -0.22961827E-01
   1   14    6   -0.23887478E-01  -0.23887478E-01  -0.31620888E-01
   1   14    7   -0.30467905E-01  -0.30467905E-01  -0.40331684E-01
   1   14    8   -0.36621724E-01  -0.36621724E-01  -0.48477760E-01
   1   14    9   -0.41938440E-01  -0.41938440E-01  -0.55515726E-01
   1   14   10   -0.46084012E-01  -0.46084012E-01  -0.61003400E-01
   1   14   11   -0.48810227E-01  -0.48810227E-01  -0.64612208E-01
   1   14   12   -0.49955881E-01  -0.49955881E-01  -0.66128760E-01
   1   14   13   -0.49442996E-01  -0.49442996E-01  -0.65449832E-01
   1   14   14   -0.47270328E-01  -0.47270328E-01  -0.62573778E-01
   1   14   15   -0.43505573E-01  -0.43505573E-01  -0.57590208E-01
   1   14   16   -0.38277031E-01  -0.38277031E-01  -0.50668961E-01
   1   14   17   -0.31765202E-01  -0.31765202E-01  -0.42048971E-01
   1   14   18   -0.24194858E-01  -0.24194858E-01  -0.32027780E-01
   1   14   19   -0.15829914E-01  -0.15829914E-01  -0.20954742E-01
   1   14   20   -0.69933195E-02  -0.69933195E-02  -0.92573595E-02
   1   14   21    0.00000000E+00   0.00000000E+00   0.00000000E+00
   1   15    1   -0.43854588E-03  -0.43854588E-03  -0.53610206E-03
   1   15    2   -0.23057577E-02  -0.23057577E-02  -0.28186823E-02
   1   15    3   -0.55915742E-02  -0.55915742E-02  -0.68354410E-02
   1   15    4   -0.10102107E-01  -0.10102107E-01  -0.12349359E-01
   1   15    5   -0.15524619E-01  -0.15524619E-01  -0.18978129E-01
   1   15    6   -0.21462691E-01  -0.21462691E-01  -0.26237148E-01
   1   15    7   -0.27482823E-01  -0.27482823E-01  -0.33596481E-01
   1   15    8   -0.33159083E-01  -0.33159083E-01  -0.40535446E-01
   1   15    9   -0.38107870E-01  -0.38107870E-01  -0.46585109E-01
   1   15   10   -0.42010485E-01  -0.42010485E-01  -0.51355876E-01
   1   15   11   -0.44624829E-01  -0.44624829E-01  -0.54551791E-01
   1   15   12   -0.45788959E-01  -0.45788959E-01  -0.55974885E-01
   1   15   13   -0.45419289E-01  -0.45419289E-01  -0.55522981E-01
   1   15   14   -0.43505573E-01  -0.43505573E-01  -0.53183552E-01
   1   15   15   -0.40104119E-01  -0.40104119E-01  -0.49025432E-01
   1   15   16   -0.35330131E-01  -0.35330131E-01  -0.43189452E-01
   1   15   17   -0.29349726E-01  -0.29349726E-01  -0.35878683E-01
   1   15   18   -0.22372258E-01  -0.22372258E-01  -0.27349051E-01
   1   15   19   -0.14645139E-01  -0.14645139E-01  -0.17903005E-01
   1   15   20   -0.64717835E-02  -0.64717835E-02  -0.79114562E-02
   1   15   21    0.00000000E+00   0.00000000E+00   0.00000000E+00
   1   16    1   -0.37424185E-03  -0.37424185E-03  -0.42860334E-03
   1   16    2   -0.19698248E-02  -0.19698248E-02  -0.22559569E-02
   1   16    3   -0.47858077E-02  -0.47858077E-02  -0.54809830E-02
   1   16    4   -0.86675616E-02  -0.86675616E-02  -0.99265914E-02
   1   16    5   -0.13357976E-01  -0.13357976E-01  -0.15298324E-01
   1   16    6   -0.18523638E-01  -0.18523638E-01  -0.21214339E-01
   1   16    7   -0.23792628E-01  -0.23792628E-01  -0.27248689E-01
   1   16    8   -0.28792835E-01  -0.28792835E-01  -0.32975215E-01
   1   16    9   -0.33183439E-01  -0.33183439E-01  -0.38003588E-01
   1   16   10   -0.36676651E-01  -0.36676651E-01  -0.42004216E-01
   1   16   11   -0.39050077E-01  -0.39050077E-01  -0.44722400E-01
   1   16   12   -0.40151625E-01  -0.40151625E-01  -0.45983956E-01
   1   16   13   -0.39899193E-01  -0.39899193E-01  -0.45694857E-01
   1   16   14   -0.38277031E-01  -0.38277031E-01  -0.43837063E-01
   1   16   15   -0.35330131E-01  -0.35330131E-01  -0.40462103E-01
   1   16   16   -0.31157558E-01  -0.31157558E-01  -0.35683432E-01
   1   16   17   -0.25905292E-01  -0.25905292E-01  -0.29668234E-01
   1   16   18   -0.19759211E-01  -0.19759211E-01  -0.22629388E-01
   1   16   19   -0.12940213E-01  -0.12940213E-01  -0.14819879E-01
   1   16   20   -0.57197316E-02  -0.57197316E-02  -0.65505665E-02
   1   16   21    0.00000000E+00   0.00000000E+00   0.00000000E+00
   1   17    1   -0.30336641E-03  -0.30336641E-03  -0.32990442E-03
   1   17    2   -0.15980854E-02  -0.15980854E-02  -0.17378833E-02
   1   17    3   -0.38880715E-02  -0.38880715E-02  -0.42281938E-02
   1   17    4   -0.70546976E-02  -0.70546976E-02  -0.76718314E-02
   1   17    5   -0.10895768E-01  -0.10895768E-01  -0.11848912E-01
   1   17    6   -0.15144358E-01  -0.15144358E-01  -0.16469162E-01
   1   17    7   -0.19498109E-01  -0.19498109E-01  -0.21203772E-01
   1   17    8   -0.23650275E-01  -0.23650275E-01  -0.25719164E-01
   1   17    9   -0.27316256E-01  -0.27316256E-01  -0.29705838E-01
   1   17   10   -0.30252732E-01  -0.30252732E-01  -0.32899192E-01
   1   17   11   -0.32269214E-01  -0.32269214E-01  -0.35092074E-01
   1   17   12   -0.33233271E-01  -0.33233271E-01  -0.36140465E-01
   1   17   13   -0.33071128E-01  -0.33071128E-01  -0.35964138E-01
   1   17   14   -0.31765202E-01  -0.31765202E-01  -0.34543971E-01
   1   17   15   -0.29349726E-01  -0.29349726E-01  -0.31917193E-01
   1   17   16   -0.25905292E-01  -0.25905292E-01  -0.28171446E-01
   1   17   17   -0.21552840E-01  -0.21552840E-01  -0.23438248E-01
   1   17   18   -0.16447678E-01  -0.16447678E-01  -0.17886495E-01
   1   17   19   -0.10775223E-01  -0.10775223E-01  -0.11717822E-01
   1   17   20   -0.47636856E-02  -0.47636856E-02  -0.51804053E-02
   1   17   21    0.00000000E+00   0.00000000E+00   0.00000000E+00
   1   18    1   -0.22711511E-03  -0.22711511E-03  -0.23753898E-03
   1   18    2   -0.11971150E-02  -0.11971150E-02  -0.12520588E-02
   1   18    3   -0.29154661E-02  -0.29154661E-02  -0.30492768E-02
   1   18    4   -0.52970369E-02  -0.52970369E-02  -0.55401543E-02
   1   18    5   -0.81939266E-02  -0.81939266E-02  -0.85700022E-02
   1   18    6   -0.11408265E-01  -0.11408265E-01  -0.11931868E-01
   1   18    7   -0.14713364E-01  -0.14713364E-01  -0.15388661E-01
   1   18    8   -0.17876891E-01  -0.17876891E-01  -0.18697384E-01
   1   18    9   -0.20681238E-01  -0.20681238E-01  -0.21630442E-01
   1   18   10   -0.22938663E-01  -0.22938663E-01  -0.23991476E-01
   1   18   11   -0.24500793E-01  -0.24500793E-01  -0.25625302E-01
   1   18   12   -0.25263246E-01  -0.25263246E-01  -0.26422750E-01
   1   18   13   -0.25166605E-01  -0.25166605E-01  -0.26321673E-01
   1   18   14   -0.24194858E-01  -0.24194858E-01  -0.25305326E-01
   1   18   15   -0.22372258E-01  -0.22372258E-01  -0.23399074E-01
   1   18   16   -0.19759211E-01  -0.19759211E-01  -0.20666097E-01
   1   18   17   -0.16447678E-01  -0.16447678E-01  -0.17202575E-01
   1   18   18   -0.12556532E-01  -0.12556532E-01  -0.13132838E-01
   1   18   19   -0.82281907E-02  -0.82281907E-02  -0.86058389E-02
   1   18   20   -0.36381744E-02  -0.36381744E-02  -0.38051552E-02
   1   18   21    0.00000000E+00   0.00000000E+00   0.00000000E+00
   1   19    1   -0.14688019E-03  -0.14688019E-03  -0.14957464E-03
   1   19    2   -0.77450412E-03  -0.77450412E-03  -0.78871201E-03
   1   19    3   -0.18874983E-02  -0.18874983E-02  -0.19221235E-02
   1   19    4   -0.34324008E-02  -0.34324008E-02  -0.34953665E-02
   1   19    5   -0.53150862E-02  -0.53150862E-02  -0.54125887E-02
   1   19    6   -0.74084780E-02  -0.74084780E-02  -0.75443828E-02
   1   19    7   -0.95658783E-02  -0.95658783E-02  -0.97413595E-02
   1   19    8   -0.11635902E-01  -0.11635902E-01  -0.11849357E-01
   1   19    9   -0.13475856E-01  -0.13475856E-01  -0.13723064E-01
   1   19   10   -0.14961881E-01  -0.14961881E-01  -0.15236350E-01
   1   19   11   -0.15995467E-01  -0.15995467E-01  -0.16288895E-01
   1   19   12   -0.16506769E-01  -0.16506769E-01  -0.16809577E-01
   1   19   13   -0.16455469E-01  -0.16455469E-01  -0.16757337E-01
   1   19   14   -0.15829914E-01  -0.15829914E-01  -0.16120306E-01
   1   19   15   -0.14645139E-01  -0.14645139E-01  -0.14913796E-01
   1   19   16   -0.12940213E-01  -0.12940213E-01  -0.13177595E-01
   1   19   17   -0.10775223E-01  -0.10775223E-01  -0.10972889E-01
   1   19   18   -0.82281907E-02  -0.82281907E-02  -0.83791327E-02
   1   19   19   -0.53928253E-02  -0.53928253E-02  -0.54917540E-02
   1   19   20   -0.23847246E-02  -0.23847246E-02  -0.24284712E-02
   1   19   21    0.00000000E+00   0.00000000E+00   0.00000000E+00
   1   20    1   -0.64479110E-04  -0.64479110E-04  -0.64701404E-04
   1   20    2   -0.34007275E-03  -0.34007275E-03  -0.34124517E-03
   1   20    3   -0.82907165E-03  -0.82907165E-03  -0.83192992E-03
   1   20    4   -0.15083875E-02  -0.15083875E-02  -0.15135878E-02
   1   20    5   -0.23370676E-02  -0.23370676E-02  -0.23451247E-02
   1   20    6   -0.32595453E-02  -0.32595453E-02  -0.32707827E-02
   1   20    7   -0.42114061E-02  -0.42114061E-02  -0.42259251E-02
   1   20    8   -0.51259283E-02  -0.51259283E-02  -0.51436002E-02
   1   20    9   -0.59400038E-02  -0.59400038E-02  -0.59604823E-02
   1   20   10   -0.65986713E-02  -0.65986713E-02  -0.66214206E-02
   1   20   11   -0.70580675E-02  -0.70580675E-02  -0.70824005E-02
   1   20   12   -0.72869618E-02  -0.72869618E-02  -0.73120840E-02
   1   20   13   -0.72671915E-02  -0.72671915E-02  -0.72922455E-02
   1   20   14   -0.69933195E-02  -0.69933195E-02  -0.70174293E-02
   1   20   15   -0.64717835E-02  -0.64717835E-02  -0.64940953E-02
   1   20   16   -0.57197316E-02  -0.57197316E-02  -0.57394506E-02
   1   20   17   -0.47636856E-02  -0.47636856E-02  -0.47801086E-02
   1   20   18   -0.36381744E-02  -0.36381744E-02  -0.36507172E-02
   1   20   19   -0.23847246E-02  -0.23847246E-02  -0.23929460E-02
   1   20   20   -0.10545901E-02  -0.10545901E-02  -0.10582258E-02
   1   20   21    0.00000000E+00   0.00000000E+00   0.00000000E+00
   1   21    1    0.00000000E+00   0.00000000E+00   0.00000000E+00
   1   21    2    0.00000000E+00   0.00000000E+00   0.00000000E+00
   1   21    3    0.00000000E+00   0.00000000E+00   0.00000000E+00
   1   21    4    0.00000000E+00   0.00000000E+00   0.00000000E+00
   1   21    5    0.00000000E+00   0.00000000E+00   0.00000000E+00
   1   21    6    0.00000000E+00   0.00000000E+00   0.00000000E+00
   1   21    7    0.00000000E+00   0.00000000E+00   0.00000000E+00
   1   21    8    0.00000000E+00   0.00000000E+00   0.00000000E+00
   1   21    9    0.00000000E+00   0.00000000E+00   0.00000000E+00
   1   21   10    0.00000000E+00   0.00000000E+00   0.00000000E+00
   1   21   11    0.00000000E+00   0.00000000E+00   0.00000000E+00
   1   21   12    0.00000000E+00   0.00000000E+00   0.00000000E+00
   1   21   13    0.00000000E+00   0.00000000E+00   0.00000000E+00
   1   21   14    0.00000000E+00   0.00000000E+00   0.00000000E+00
   1   21   15    0.00000000E+00   0.00000000E+00   0.00000000E+00
   1   21   16    0.00000000E+00   0.00000000E+00   0.00000000E+00
   1   21   17    0.00000000E+00   0.00000000E+00   0.00000000E+00
   1   21   18    0.00000000E+00   0.00000000E+00   0.00000000E+00
   1   21   19    0.00000000E+00   0.00000000E+00   0.00000000E+00
   1   21   20    0.00000000E+00   0.00000000E+00   0.00000000E+00
   1   21   21    0.00000000E+00   0.00000000E+00   0.00000000E+00
   2    1    1    0.60632031E+01  -0.60633462E+01  -0.41663190E-01
   2    1    2    0.19684037E+01  -0.19684501E+01  -0.13525850E-01
   2    1    3    0.90806712E+00  -0.90808855E+00  -0.62397668E-02
   2    1    4    0.52143708E+00  -0.52144939E+00  -0.35830455E-02
   2    1    5    0.34047342E+00  -0.34048146E+00  -0.23395570E-02
   2    1    6    0.24076324E+00  -0.24076892E+00  -0.16544002E-02
   2    1    7    0.17912384E+00  -0.17912807E+00  -0.12308462E-02
   2    1    8    0.13757566E+00  -0.13757890E+00  -0.94534864E-03
   2    1    9    0.10761917E+00  -0.10762171E+00  -0.73950320E-03
   2    1   10    0.84854252E-01  -0.84856255E-01  -0.58307446E-03
   2    1   11    0.66849248E-01  -0.66850826E-01  -0.45935340E-03
   2    1   12    0.52197300E-01  -0.52198533E-01  -0.35867281E-03
   2    1   13    0.40059637E-01  -0.40060583E-01  -0.27526907E-03
   2    1   14    0.29927956E-01  -0.29928662E-01  -0.20564941E-03
   2    1   15    0.21493065E-01  -0.21493573E-01  -0.14768921E-03
   2    1   16    0.14568480E-01  -0.14568824E-01  -0.10010704E-03
   2    1   17    0.90440532E-02  -0.90442667E-02  -0.62146048E-04
   2    1   18    0.48569176E-02  -0.48570322E-02  -0.33374221E-04
   2    1   19    0.19728807E-02  -0.19729273E-02  -0.13556614E-04
   2    1   20    0.37411932E-03  -0.37412815E-03  -0.25707541E-05
   2    1   21    0.00000000E+00   0.00000000E+00   0.00000000E+00
   2    2    1    0.19684037E+01  -0.19696816E+01  -0.70940811E-01
   2    2    2    0.11876373E+01  -0.11884084E+01  -0.42802174E-01
   2    2    3    0.70350822E+00  -0.70396495E+00  -0.25354273E-01
   2    2    4    0.45018855E+00  -0.45048082E+00  -0.16224691E-01
   2    2    5    0.31031500E+00  -0.31051646E+00  -0.11183681E-01
   2    2    6    0.22620761E+00  -0.22635446E+00  -0.81524696E-02
   2    2    7    0.17144907E+00  -0.17156038E+00  -0.61789846E-02
   2    2    8    0.13328408E+00  -0.13337061E+00  -0.48035273E-02
   2    2    9    0.10512887E+00  -0.10519712E+00  -0.37888201E-02
   2    2   10    0.83379759E-01  -0.83433891E-01  -0.30049872E-02
   2    2   11    0.65970828E-01  -0.66013657E-01  -0.23775733E-02
   2    2   12    0.51677329E-01  -0.51710879E-01  -0.18624389E-02
   2    2   13    0.39757523E-01  -0.39783334E-01  -0.14328519E-02
   2    2   14    0.29757871E-01  -0.29777191E-01  -0.10724668E-02
   2    2   15    0.21401654E-01  -0.21415549E-01  -0.77131066E-03
   2    2   16    0.14522448E-01  -0.14531876E-01  -0.52338565E-03
   2    2   17    0.90228957E-02  -0.90287536E-02  -0.32518307E-03
   2    2   18    0.48484277E-02  -0.48515754E-02  -0.17473621E-03
   2    2   19    0.19702061E-02  -0.19714852E-02  -0.71005771E-04
   2    2   20    0.37369156E-03  -0.37393417E-03  -0.13467757E-04
   2    2   21    0.00000000E+00   0.00000000E+00   0.00000000E+00
   2    3    1    0.90806712E+00  -0.91157119E+00  -0.79850798E-01
   2    3    2    0.70350822E+00  -0.70622294E+00  -0.61862931E-01
   2    3    3    0.50492399E+00  -0.50687240E+00  -0.44400444E-01
   2    3    4    0.36282005E+00  -0.36422012E+00  -0.31904548E-01
   2    3    5    0.26794881E+00  -0.26898278E+00  -0.23562054E-01
   2    3    6    0.20384052E+00  -0.20462711E+00  -0.17924698E-01
   2    3    7    0.15883304E+00  -0.15944595E+00  -0.13966969E-01
   2    3    8    0.12581306E+00  -0.12629855E+00  -0.11063360E-01
   2    3    9    0.10055137E+00  -0.10093938E+00  -0.88419753E-02
   2    3   10    0.80512839E-01  -0.80823525E-01  -0.70798891E-02
   2    3   11    0.64154035E-01  -0.64401594E-01  -0.56413791E-02
   2    3   12    0.50522871E-01  -0.50717830E-01  -0.44427240E-02
   2    3   13    0.39028225E-01  -0.39178828E-01  -0.34319434E-02
   2    3   14    0.29303987E-01  -0.29417066E-01  -0.25768434E-02
   2    3   15    0.21126414E-01  -0.21207937E-01  -0.18577493E-02
   2    3   16    0.14362350E-01  -0.14417771E-01  -0.12629519E-02
   2    3   17    0.89358984E-02  -0.89703805E-02  -0.78577740E-03
   2    3   18    0.48065234E-02  -0.48250709E-02  -0.42266119E-03
   2    3   19    0.19544858E-02  -0.19620278E-02  -0.17186753E-03
   2    3   20    0.37084424E-03  -0.37227526E-03  -0.32610154E-04
   2    3   21    0.00000000E+00   0.00000000E+00   0.00000000E+00
   2    4    1    0.52143708E+00  -0.52822930E+00  -0.84436753E-01
   2    4    2    0.45018855E+00  -0.45605269E+00  -0.72899417E-01
   2    4    3    0.36282005E+00  -0.36754614E+00  -0.58751762E-01
   2    4    4    0.28538701E+00  -0.28910445E+00  -0.46212962E-01
   2    4    5    0.22463488E+00  -0.22756097E+00  -0.36375319E-01
   2    4    6    0.17857928E+00  -0.18090544E+00  -0.28917495E-01
   2    4    7    0.14348727E+00  -0.14535633E+00  -0.23235016E-01
   2    4    8    0.11616756E+00  -0.11768075E+00  -0.18811112E-01
   2    4    9    0.94329262E-01  -0.95557992E-01  -0.15274818E-01
   2    4   10    0.76426506E-01  -0.77422035E-01  -0.12375810E-01
   2    4   11    0.61442599E-01  -0.62242948E-01  -0.99494527E-02
   2    4   12    0.48718540E-01  -0.49353146E-01  -0.78890349E-02
   2    4   13    0.37833298E-01  -0.38326113E-01  -0.61263784E-02
   2    4   14    0.28523391E-01  -0.28894935E-01  -0.46188171E-02
   2    4   15    0.20629175E-01  -0.20897889E-01  -0.33404999E-02
   2    4   16    0.14058707E-01  -0.14241835E-01  -0.22765385E-02
   2    4   17    0.87631569E-02  -0.88773055E-02  -0.14190255E-02
   2    4   18    0.47199159E-02  -0.47813974E-02  -0.76430003E-03
   2    4   19    0.19209769E-02  -0.19459995E-02  -0.31106544E-03
   2    4   20    0.36466208E-03  -0.36941215E-03  -0.59050042E-04
   2    4   21    0.00000000E+00   0.00000000E+00   0.00000000E+00
   2    5    1    0.34047342E+00  -0.35160683E+00  -0.87779339E-01
   2    5    2    0.31031500E+00  -0.32046223E+00  -0.80004029E-01
   2    5    3    0.26794881E+00  -0.27671068E+00  -0.69081368E-01
   2    5    4    0.22463488E+00  -0.23198040E+00  -0.57914364E-01
   2    5    5    0.18614026E+00  -0.19222701E+00  -0.47989853E-01
   2    5    6    0.15389079E+00  -0.15892298E+00  -0.39675436E-01
   2    5    7    0.12733441E+00  -0.13149822E+00  -0.32828789E-01
   2    5    8    0.10538388E+00  -0.10882991E+00  -0.27169601E-01
   2    5    9    0.87007497E-01  -0.89852623E-01  -0.22431885E-01
   2    5   10    0.71395078E-01  -0.73729681E-01  -0.18406760E-01
   2    5   11    0.57962716E-01  -0.59858085E-01  -0.14943689E-01
   2    5   12    0.46311163E-01  -0.47825528E-01  -0.11939737E-01
   2    5   13    0.36179267E-01  -0.37362322E-01  -0.93275773E-02
   2    5   14    0.27404575E-01  -0.28300698E-01  -0.70653252E-02
   2    5   15    0.19892879E-01  -0.20543372E-01  -0.51286933E-02
   2    5   16    0.13595523E-01  -0.14040093E-01  -0.35051370E-02
   2    5   17    0.84927204E-02  -0.87704306E-02  -0.21895553E-02
   2    5   18    0.45814203E-02  -0.47312318E-02  -0.11811614E-02
   2    5   19    0.18665570E-02  -0.19275930E-02  -0.48122740E-03
   2    5   20    0.35453225E-03  -0.36612538E-03  -0.91403922E-04
   2    5   21    0.00000000E+00   0.00000000E+00   0.00000000E+00
   2    6    1    0.24076324E+00  -0.25725472E+00  -0.90625901E-01
   2    6    2    0.22620761E+00  -0.24170208E+00  -0.85147003E-01
   2    6    3    0.20384052E+00  -0.21780292E+00  -0.76727790E-01
   2    6    4    0.17857928E+00  -0.19081136E+00  -0.67219181E-01
   2    6    5    0.15389079E+00  -0.16443179E+00  -0.57926166E-01
   2    6    6    0.13141852E+00  -0.14042026E+00  -0.49467362E-01
   2    6    7    0.11158935E+00  -0.11923285E+00  -0.42003447E-01
   2    6    8    0.94252180E-01  -0.10070814E+00  -0.35477546E-01
   2    6    9    0.79069390E-01  -0.84485380E-01  -0.29762578E-01
   2    6   10    0.65700800E-01  -0.70201086E-01  -0.24730496E-01
   2    6   11    0.53870712E-01  -0.57560676E-01  -0.20277522E-01
   2    6   12    0.43380817E-01  -0.46352258E-01  -0.16329011E-01
   2    6   13    0.34101867E-01  -0.36437732E-01  -0.12836314E-01
   2    6   14    0.25959075E-01  -0.27737185E-01  -0.97712780E-02
   2    6   15    0.18917310E-01  -0.20213083E-01  -0.71206813E-02
   2    6   16    0.12968211E-01  -0.13856490E-01  -0.48813755E-02
   2    6   17    0.81196696E-02  -0.86758399E-02  -0.30563319E-02
   2    6   18    0.43875914E-02  -0.46881268E-02  -0.16515371E-02
   2    6   19    0.17896102E-02  -0.19121926E-02  -0.67362876E-03
   2    6   20    0.34012614E-03  -0.36342365E-03  -0.12802718E-03
   2    6   21    0.00000000E+00   0.00000000E+00   0.00000000E+00
   2    7    1    0.17912384E+00  -0.20191482E+00  -0.93189290E-01
   2    7    2    0.17144907E+00  -0.19326354E+00  -0.89196486E-01
   2    7    3    0.15883304E+00  -0.17904230E+00  -0.82632989E-01
   2    7    4    0.14348727E+00  -0.16174400E+00  -0.74649342E-01
   2    7    5    0.12733441E+00  -0.14353591E+00  -0.66245806E-01
   2    7    6    0.11158935E+00  -0.12578752E+00  -0.58054432E-01
   2    7    7    0.96837481E-01  -0.10915868E+00  -0.50379760E-01
   2    7    8    0.83268188E-01  -0.93862889E-01  -0.43320328E-01
   2    7    9    0.70876407E-01  -0.79894429E-01  -0.36873495E-01
   2    7   10    0.59587877E-01  -0.67169592E-01  -0.31000630E-01
   2    7   11    0.49322914E-01  -0.55598558E-01  -0.25660277E-01
   2    7   12    0.40022684E-01  -0.45115005E-01  -0.20821827E-01
   2    7   13    0.31655850E-01  -0.35683610E-01  -0.16468976E-01
   2    7   14    0.24216173E-01  -0.27297339E-01  -0.12598479E-01
   2    7   15    0.17716607E-01  -0.19970795E-01  -0.92170761E-02
   2    7   16    0.12182605E-01  -0.13732670E-01  -0.63380082E-02
   2    7   17    0.76458185E-02  -0.86186409E-02  -0.39777419E-02
   2    7   18    0.41386868E-02  -0.46652763E-02  -0.21531544E-02
   2    7   19    0.16900452E-02  -0.19050796E-02  -0.87924708E-03
   2    7   20    0.32140609E-03  -0.36230048E-03  -0.16721172E-03
   2    7   21    0.00000000E+00   0.00000000E+00   0.00000000E+00
   2    8    1    0.13757566E+00  -0.16749078E+00  -0.95530627E-01
   2    8    2    0.13328408E+00  -0.16226602E+00  -0.92550615E-01
   2    8    3    0.12581306E+00  -0.15317046E+00  -0.87362840E-01
   2    8    4    0.11616756E+00  -0.14142760E+00  -0.80665140E-01
   2    8    5    0.10538388E+00  -0.12829906E+00  -0.73177102E-01
   2    8    6    0.94252180E-01  -0.11474684E+00  -0.65447406E-01
   2    8    7    0.83268188E-01  -0.10137443E+00  -0.57820274E-01
   2    8    8    0.72699570E-01  -0.88507721E-01  -0.50481572E-01
   2    8    9    0.62674538E-01  -0.76302797E-01  -0.43520329E-01
   2    8   10    0.53251565E-01  -0.64830847E-01  -0.36977148E-01
   2    8   11    0.44462819E-01  -0.54131032E-01  -0.30874364E-01
   2    8   12    0.36336857E-01  -0.44238121E-01  -0.25231809E-01
   2    8   13    0.28908072E-01  -0.35193985E-01  -0.20073364E-01
   2    8   14    0.22218671E-01  -0.27050007E-01  -0.15428337E-01
   2    8   15    0.16316917E-01  -0.19864947E-01  -0.11330241E-01
   2    8   16    0.11253784E-01  -0.13700862E-01  -0.78144714E-02
   2    8   17    0.70791983E-02  -0.86185338E-02  -0.49156970E-02
   2    8   18    0.38384771E-02  -0.46731344E-02  -0.26653853E-02
   2    8   19    0.15692419E-02  -0.19104656E-02  -0.10896598E-02
   2    8   20    0.29861794E-03  -0.36355089E-03  -0.20735615E-03
   2    8   21    0.00000000E+00   0.00000000E+00   0.00000000E+00
   2    9    1    0.10761917E+00  -0.14532824E+00  -0.97664784E-01
   2    9    2    0.10512887E+00  -0.14196535E+00  -0.95404827E-01
   2    9    3    0.10055137E+00  -0.13578392E+00  -0.91250726E-01
   2    9    4    0.94329262E-01  -0.12738163E+00  -0.85604143E-01
   2    9    5    0.87007497E-01  -0.11749436E+00  -0.78959615E-01
   2    9    6    0.79069390E-01  -0.10677479E+00  -0.71755754E-01
   2    9    7    0.70876407E-01  -0.95711043E-01  -0.64320593E-01
   2    9    8    0.62674538E-01  -0.84635292E-01  -0.56877368E-01
   2    9    9    0.54626636E-01  -0.73767457E-01  -0.49573867E-01
   2    9   10    0.46845636E-01  -0.63260044E-01  -0.42512582E-01
   2    9   11    0.39419030E-01  -0.53231204E-01  -0.35772911E-01
   2    9   12    0.32423647E-01  -0.43784684E-01  -0.29424576E-01
   2    9   13    0.25932933E-01  -0.35019665E-01  -0.23534229E-01
   2    9   14    0.20019353E-01  -0.27034005E-01  -0.18167634E-01
   2    9   15    0.14753965E-01  -0.19923659E-01  -0.13389276E-01
   2    9   16    0.10204554E-01  -0.13780164E-01  -0.92606691E-02
   2    9   17    0.64332071E-02  -0.86873613E-02  -0.58381584E-02
   2    9   18    0.34938317E-02  -0.47180477E-02  -0.31706647E-02
   2    9   19    0.14298968E-02  -0.19309234E-02  -0.12976365E-02
   2    9   20    0.27226296E-03  -0.36766215E-03  -0.24707961E-03
   2    9   21    0.00000000E+00   0.00000000E+00   0.00000000E+00
   2   10    1    0.84854252E-01  -0.13084056E+00  -0.99594220E-01
   2   10    2    0.83379759E-01  -0.12856698E+00  -0.97863594E-01
   2   10    3    0.80512839E-01  -0.12414634E+00  -0.94498664E-01
   2   10    4    0.76426506E-01  -0.11784544E+00  -0.89702497E-01
   2   10    5    0.71395078E-01  -0.11008726E+00  -0.83797063E-01
   2   10    6    0.65700800E-01  -0.10130700E+00  -0.77113637E-01
   2   10    7    0.59587877E-01  -0.91881210E-01  -0.69938842E-01
   2   10    8    0.53251565E-01  -0.82110968E-01  -0.62501855E-01
   2   10    9    0.46845636E-01  -0.72233379E-01  -0.54983156E-01
   2   10   10    0.40495181E-01  -0.62441329E-01  -0.47529569E-01
   2   10   11    0.34307946E-01  -0.52900955E-01  -0.40267554E-01
   2   10   12    0.28381927E-01  -0.43763361E-01  -0.33312130E-01
   2   10   13    0.22809357E-01  -0.35170767E-01  -0.26771553E-01
   2   10   14    0.17677988E-01  -0.27258480E-01  -0.20748818E-01
   2   10   15    0.13070631E-01  -0.20154190E-01  -0.15341121E-01
   2   10   16    0.90637328E-02  -0.13975775E-01  -0.10638187E-01
   2   10   17    0.57255307E-02  -0.88284517E-02  -0.67201084E-02
   2   10   18    0.31141416E-02  -0.48018340E-02  -0.36550968E-02
   2   10   19    0.12757904E-02  -0.19671982E-02  -0.14974070E-02
   2   10   20    0.24305420E-03  -0.37477614E-03  -0.28527497E-03
   2   10   21    0.00000000E+00   0.00000000E+00   0.00000000E+00
   2   11    1    0.66849248E-01  -0.12138621E+00  -0.10132023E+00
   2   11    2    0.65970828E-01  -0.11979115E+00  -0.99988848E-01
   2   11    3    0.64154035E-01  -0.11649218E+00  -0.97235222E-01
   2   11    4    0.61442599E-01  -0.11156870E+00  -0.93125627E-01
   2   11    5    0.57962716E-01  -0.10524986E+00  -0.87851334E-01
   2   11    6    0.53870712E-01  -0.97819518E-01  -0.81649278E-01
   2   11    7    0.49322914E-01  -0.89561536E-01  -0.74756397E-01
   2   11    8    0.44462819E-01  -0.80736477E-01  -0.67390181E-01
   2   11    9    0.39419030E-01  -0.71577866E-01  -0.59745551E-01
   2   11   10    0.34307946E-01  -0.62297056E-01  -0.51998923E-01
   2   11   11    0.29237278E-01  -0.53089635E-01  -0.44313552E-01
   2   11   12    0.24308616E-01  -0.44140073E-01  -0.36843414E-01
   2   11   13    0.19618582E-01  -0.35623815E-01  -0.29734953E-01
   2   11   14    0.15258738E-01  -0.27707123E-01  -0.23126945E-01
   2   11   15    0.11314638E-01  -0.20545346E-01  -0.17149059E-01
   2   11   16    0.78643810E-02  -0.14280301E-01  -0.11919669E-01
   2   11   17    0.49769672E-02  -0.90372769E-02  -0.75433527E-02
   2   11   18    0.27106635E-02  -0.49220772E-02  -0.41084239E-02
   2   11   19    0.11115148E-02  -0.20183109E-02  -0.16846702E-02
   2   11   20    0.21186425E-03  -0.38470735E-03  -0.32111258E-03
   2   11   21    0.00000000E+00   0.00000000E+00   0.00000000E+00
   2   12    1    0.52197300E-01  -0.11533385E+00  -0.10284619E+00
   2   12    2    0.51677329E-01  -0.11418493E+00  -0.10182167E+00
   2   12    3    0.50522871E-01  -0.11163407E+00  -0.99546998E-01
   2   12    4    0.48718540E-01  -0.10764726E+00  -0.95991861E-01
   2   12    5    0.46311163E-01  -0.10232798E+00  -0.91248521E-01
   2   12    6    0.43380817E-01  -0.95853164E-01  -0.85474756E-01
   2   12    7    0.40022684E-01  -0.88433119E-01  -0.78858109E-01
   2   12    8    0.36336857E-01  -0.80289008E-01  -0.71595793E-01
   2   12    9    0.32423647E-01  -0.71642478E-01  -0.63885458E-01
   2   12   10    0.28381927E-01  -0.62711994E-01  -0.55921913E-01
   2   12   11    0.24308616E-01  -0.53711709E-01  -0.47896126E-01
   2   12   12    0.20298264E-01  -0.44850535E-01  -0.39994387E-01
   2   12   13    0.16442293E-01  -0.36330478E-01  -0.32396831E-01
   2   12   14    0.12827855E-01  -0.28344108E-01  -0.25275177E-01
   2   12   15    0.95364009E-02  -0.21071392E-01  -0.18789908E-01
   2   12   16    0.66421001E-02  -0.14676218E-01  -0.13087164E-01
   2   12   17    0.42102619E-02  -0.93028892E-02  -0.82956279E-02
   2   12   18    0.22958540E-02  -0.50728614E-02  -0.45236023E-02
   2   12   19    0.94219340E-03  -0.20818469E-02  -0.18564370E-02
   2   12   20    0.17967101E-03  -0.39699655E-03  -0.35401214E-03
   2   12   21    0.00000000E+00   0.00000000E+00   0.00000000E+00
   2   13    1    0.40059637E-01  -0.11161451E+00  -0.10417785E+00
   2   13    2    0.39757523E-01  -0.11077276E+00  -0.10339218E+00
   2   13    3    0.39028225E-01  -0.10874078E+00  -0.10149559E+00
   2   13    4    0.37833298E-01  -0.10541147E+00  -0.98388102E-01
   2   13    5    0.36179267E-01  -0.10080299E+00  -0.94086681E-01
   2   13    6    0.34101867E-01  -0.95014920E-01  -0.88684258E-01
   2   13    7    0.31655850E-01  -0.88199807E-01  -0.82323223E-01
   2   13    8    0.28908072E-01  -0.80543922E-01  -0.75177435E-01
   2   13    9    0.25932933E-01  -0.72254564E-01  -0.67440381E-01
   2   13   10    0.22809357E-01  -0.63551630E-01  -0.59317307E-01
   2   13   11    0.19618582E-01  -0.54661465E-01  -0.51019477E-01
   2   13   12    0.16442293E-01  -0.45811660E-01  -0.42759317E-01
   2   13   13    0.13360859E-01  -0.37226143E-01  -0.34745837E-01
   2   13   14    0.10451601E-01  -0.29120343E-01  -0.27180111E-01
   2   13   15    0.77870810E-02  -0.21696433E-01  -0.20250842E-01
   2   13   16    0.54334671E-02  -0.15138773E-01  -0.14130106E-01
   2   13   17    0.34490197E-02  -0.96096887E-02  -0.89694136E-02
   2   13   18    0.18827401E-02  -0.52457069E-02  -0.48961955E-02
   2   13   19    0.77321255E-03  -0.21543315E-02  -0.20107926E-02
   2   13   20    0.14750568E-03  -0.41098162E-03  -0.38359870E-03
   2   13   21    0.00000000E+00   0.00000000E+00   0.00000000E+00
   2   14    1    0.29927956E-01  -0.10949224E+00  -0.10532269E+00
   2   14    2    0.29757871E-01  -0.10886998E+00  -0.10472413E+00
   2   14    3    0.29303987E-01  -0.10720944E+00  -0.10312681E+00
   2   14    4    0.28523391E-01  -0.10435360E+00  -0.10037973E+00
   2   14    5    0.27404575E-01  -0.10026038E+00  -0.96442387E-01
   2   14    6    0.25959075E-01  -0.94971984E-01  -0.91355373E-01
   2   14    7    0.24216173E-01  -0.88595529E-01  -0.85221739E-01
   2   14    8    0.22218671E-01  -0.81287614E-01  -0.78192115E-01
   2   14    9    0.20019353E-01  -0.73241350E-01  -0.70452259E-01
   2   14   10    0.17677988E-01  -0.64675403E-01  -0.62212511E-01
   2   14   11    0.15258738E-01  -0.55824511E-01  -0.53698668E-01
   2   14   12    0.12827855E-01  -0.46931059E-01  -0.45143886E-01
   2   14   13    0.10451601E-01  -0.38237469E-01  -0.36781355E-01
   2   14   14    0.81943466E-02  -0.29979241E-01  -0.28837607E-01
   2   14   15    0.61168370E-02  -0.22378615E-01  -0.21526419E-01
   2   14   16    0.42746328E-02  -0.15638861E-01  -0.15043320E-01
   2   14   17    0.27167265E-02  -0.99392182E-02  -0.95607247E-02
   2   14   18    0.14843505E-02  -0.54305370E-02  -0.52237377E-02
   2   14   19    0.60997892E-03  -0.22316245E-02  -0.21466425E-02
   2   14   20    0.11640541E-03  -0.42587237E-03  -0.40965480E-03
   2   14   21    0.00000000E+00   0.00000000E+00   0.00000000E+00
   2   15    1    0.21493065E-01  -0.10844031E+00  -0.10628899E+00
   2   15    2    0.21401654E-01  -0.10797911E+00  -0.10583694E+00
   2   15    3    0.21126414E-01  -0.10659042E+00  -0.10447580E+00
   2   15    4    0.20629175E-01  -0.10408167E+00  -0.10201682E+00
   2   15    5    0.19892879E-01  -0.10036679E+00  -0.98375638E-01
   2   15    6    0.18917310E-01  -0.95444693E-01  -0.93551188E-01
   2   15    7    0.17716607E-01  -0.89386711E-01  -0.87613389E-01
   2   15    8    0.16316917E-01  -0.82324766E-01  -0.80691544E-01
   2   15    9    0.14753965E-01  -0.74439105E-01  -0.72962325E-01
   2   15   10    0.13070631E-01  -0.65946077E-01  -0.64637788E-01
   2   15   11    0.11314638E-01  -0.57086454E-01  -0.55953929E-01
   2   15   12    0.95364009E-02  -0.48114602E-01  -0.47160068E-01
   2   15   13    0.77870810E-02  -0.39288649E-01  -0.38509211E-01
   2   15   14    0.61168370E-02  -0.30861662E-01  -0.30249404E-01
   2   15   15    0.45732748E-02  -0.23073831E-01  -0.22616074E-01
   2   15   16    0.32000895E-02  -0.16145612E-01  -0.15825303E-01
   2   15   17    0.20358916E-02  -0.10271812E-01  -0.10068032E-01
   2   15   18    0.11132162E-02  -0.56165795E-02  -0.55051535E-02
   2   15   19    0.45770542E-03  -0.23092899E-02  -0.22634764E-02
   2   15   20    0.87371557E-04  -0.44082120E-03  -0.43207585E-03
   2   15   21    0.00000000E+00   0.00000000E+00   0.00000000E+00
   2   16    1    0.14568480E-01  -0.10807151E+00  -0.10708507E+00
   2   16    2    0.14522448E-01  -0.10773004E+00  -0.10674671E+00
   2   16    3    0.14362350E-01  -0.10654241E+00  -0.10556992E+00
   2   16    4    0.14058707E-01  -0.10428993E+00  -0.10333800E+00
   2   16    5    0.13595523E-01  -0.10085395E+00  -0.99933382E-01
   2   16    6    0.12968211E-01  -0.96200441E-01  -0.95322350E-01
   2   16    7    0.12182605E-01  -0.90372685E-01  -0.89547788E-01
   2   16    8    0.11253784E-01  -0.83482527E-01  -0.82720521E-01
   2   16    9    0.10204554E-01  -0.75699154E-01  -0.75008193E-01
   2   16   10    0.90637328E-02  -0.67236346E-01  -0.66622631E-01
   2   16   11    0.78643810E-02  -0.58339346E-01  -0.57806840E-01
   2   16   12    0.66421001E-02  -0.49272253E-01  -0.48822509E-01
   2   16   13    0.54334671E-02  -0.40306403E-01  -0.39938498E-01
   2   16   14    0.42746328E-02  -0.31709969E-01  -0.31420530E-01
   2   16   15    0.32000895E-02  -0.23738820E-01  -0.23522139E-01
   2   16   16    0.22416038E-02  -0.16628606E-01  -0.16476825E-01
   2   16   17    0.14273078E-02  -0.10588018E-01  -0.10491373E-01
   2   16   18    0.78094032E-03  -0.57931510E-02  -0.57402727E-02
   2   16   19    0.32122739E-03  -0.23829206E-02  -0.23611700E-02
   2   16   20    0.61333860E-04  -0.45498524E-03  -0.45083226E-03
   2   16   21    0.00000000E+00   0.00000000E+00   0.00000000E+00
   2   17    1    0.90440532E-02  -0.10809765E+00  -0.10771864E+00
   2   17    2    0.90228957E-02  -0.10784476E+00  -0.10746665E+00
   2   17    3    0.89358984E-02  -0.10680494E+00  -0.10643047E+00
   2   17    4    0.87631569E-02  -0.10474028E+00  -0.10437305E+00
   2   17    5    0.84927204E-02  -0.10150793E+00  -0.10115203E+00
   2   17    6    0.81196696E-02  -0.97049093E-01  -0.96708828E-01
   2   17    7    0.76458185E-02  -0.91385462E-01  -0.91065055E-01
   2   17    8    0.70791983E-02  -0.84613022E-01  -0.84316359E-01
   2   17    9    0.64332071E-02  -0.76891912E-01  -0.76622320E-01
   2   17   10    0.57255307E-02  -0.68433520E-01  -0.68193584E-01
   2   17   11    0.49769672E-02  -0.59486430E-01  -0.59277864E-01
   2   17   12    0.42102619E-02  -0.50322504E-01  -0.50146068E-01
   2   17   13    0.34490197E-02  -0.41223874E-01  -0.41079338E-01
   2   17   14    0.27167265E-02  -0.32471253E-01  -0.32357405E-01
   2   17   15    0.20358916E-02  -0.24333680E-01  -0.24248363E-01
   2   17   16    0.14273078E-02  -0.17059676E-01  -0.16999863E-01
   2   17   17    0.90942606E-03  -0.10869774E-01  -0.10831664E-01
   2   17   18    0.49783633E-03  -0.59503117E-02  -0.59294492E-02
   2   17   19    0.20484771E-03  -0.24484106E-02  -0.24398262E-02
   2   17   20    0.39120237E-04  -0.46757857E-03  -0.46593919E-03
   2   17   21    0.00000000E+00   0.00000000E+00   0.00000000E+00
   2   18    1    0.48569176E-02  -0.10830536E+00  -0.10819640E+00
   2   18    2    0.48484277E-02  -0.10811604E+00  -0.10800727E+00
   2   18    3    0.48065234E-02  -0.10718161E+00  -0.10707378E+00
   2   18    4    0.47199159E-02  -0.10525033E+00  -0.10514444E+00
   2   18    5    0.45814203E-02  -0.10216199E+00  -0.10205921E+00
   2   18    6    0.43875914E-02  -0.97839759E-01  -0.97741329E-01
   2   18    7    0.41386868E-02  -0.92289388E-01  -0.92196542E-01
   2   18    8    0.38384771E-02  -0.85594953E-01  -0.85508842E-01
   2   18    9    0.34938317E-02  -0.77909636E-01  -0.77831257E-01
   2   18   10    0.31141416E-02  -0.69442852E-01  -0.69372991E-01
   2   18   11    0.27106635E-02  -0.60445617E-01  -0.60384807E-01
   2   18   12    0.22958540E-02  -0.51195698E-01  -0.51144194E-01
   2   18   13    0.18827401E-02  -0.41983590E-01  -0.41941353E-01
   2   18   14    0.14843505E-02  -0.33099823E-01  -0.33066524E-01
   2   18   15    0.11132162E-02  -0.24823825E-01  -0.24798852E-01
   2   18   16    0.78094032E-03  -0.17414341E-01  -0.17396822E-01
   2   18   17    0.49783633E-03  -0.11101350E-01  -0.11090181E-01
   2   18   18    0.27262821E-03  -0.60793899E-02  -0.60732738E-02
   2   18   19    0.11220916E-03  -0.25021739E-02  -0.24996567E-02
   2   18   20    0.21431915E-04  -0.47791448E-03  -0.47743368E-03
   2   18   21    0.00000000E+00   0.00000000E+00   0.00000000E+00
   2   19    1    0.19728807E-02  -0.10854160E+00  -0.10852367E+00
   2   19    2    0.19702061E-02  -0.10839446E+00  -0.10837655E+00
   2   19    3    0.19544858E-02  -0.10752958E+00  -0.10751181E+00
   2   19    4    0.19209769E-02  -0.10568602E+00  -0.10566857E+00
   2   19    5    0.18665570E-02  -0.10269201E+00  -0.10267505E+00
   2   19    6    0.17896102E-02  -0.98458650E-01  -0.98442384E-01
   2   19    7    0.16900452E-02  -0.92980898E-01  -0.92965538E-01
   2   19    8    0.15692419E-02  -0.86334687E-01  -0.86320424E-01
   2   19    9    0.14298968E-02  -0.78668364E-01  -0.78655367E-01
   2   19   10    0.12757904E-02  -0.70189920E-01  -0.70178324E-01
   2   19   11    0.11115148E-02  -0.61152003E-01  -0.61141901E-01
   2   19   12    0.94219340E-03  -0.51836477E-01  -0.51827913E-01
   2   19   13    0.77321255E-03  -0.42539689E-01  -0.42532661E-01
   2   19   14    0.60997892E-03  -0.33559095E-01  -0.33553551E-01
   2   19   15    0.45770542E-03  -0.25181493E-01  -0.25177333E-01
   2   19   16    0.32122739E-03  -0.17672907E-01  -0.17669987E-01
   2   19   17    0.20484771E-03  -0.11270068E-01  -0.11268206E-01
   2   19   18    0.11220916E-03  -0.61733900E-02  -0.61723702E-02
   2   19   19    0.46191618E-04  -0.25413156E-02  -0.25408957E-02
   2   19   20    0.88234530E-05  -0.48543825E-03  -0.48535805E-03
   2   19   21    0.00000000E+00   0.00000000E+00   0.00000000E+00
   2   20    1    0.37411932E-03  -0.10870498E+00  -0.10870434E+00
   2   20    2    0.37369156E-03  -0.10858069E+00  -0.10858005E+00
   2   20    3    0.37084424E-03  -0.10775336E+00  -0.10775273E+00
   2   20    4    0.36466208E-03  -0.10595706E+00  -0.10595643E+00
   2   20    5    0.35453225E-03  -0.10301371E+00  -0.10301310E+00
   2   20    6    0.34012614E-03  -0.98827842E-01  -0.98827256E-01
   2   20    7    0.32140609E-03  -0.93388502E-01  -0.93387949E-01
   2   20    8    0.29861794E-03  -0.86767123E-01  -0.86766609E-01
   2   20    9    0.27226296E-03  -0.79109361E-01  -0.79108892E-01
   2   20   10    0.24305420E-03  -0.70622395E-01  -0.70621977E-01
   2   20   11    0.21186425E-03  -0.61559769E-01  -0.61559405E-01
   2   20   12    0.17967101E-03  -0.52205626E-01  -0.52205317E-01
   2   20   13    0.14750568E-03  -0.42859594E-01  -0.42859340E-01
   2   20   14    0.11640541E-03  -0.33823027E-01  -0.33822826E-01
   2   20   15    0.87371557E-04  -0.25386883E-01  -0.25386733E-01
   2   20   16    0.61333860E-04  -0.17821309E-01  -0.17821204E-01
   2   20   17    0.39120237E-04  -0.11366867E-01  -0.11366800E-01
   2   20   18    0.21431915E-04  -0.62273072E-02  -0.62272703E-02
   2   20   19    0.88234530E-05  -0.25637630E-02  -0.25637478E-02
   2   20   20    0.16855341E-05  -0.48975272E-03  -0.48974982E-03
   2   20   21    0.00000000E+00   0.00000000E+00   0.00000000E+00
   2   21    1    0.00000000E+00  -0.10874653E+00  -0.10874653E+00
   2   21    2    0.00000000E+00  -0.10862753E+00  -0.10862753E+00
   2   21    3    0.00000000E+00  -0.10780890E+00  -0.10780890E+00
   2   21    4    0.00000000E+00  -0.10602351E+00  -0.10602351E+00
   2   21    5    0.00000000E+00  -0.10309186E+00  -0.10309186E+00
   2   21    6    0.00000000E+00  -0.98916921E-01  -0.98916921E-01
   2   21    7    0.00000000E+00  -0.93486383E-01  -0.93486383E-01
   2   21    8    0.00000000E+00  -0.86870621E-01  -0.86870621E-01
   2   21    9    0.00000000E+00  -0.79214661E-01  -0.79214661E-01
   2   21   10    0.00000000E+00  -0.70725490E-01  -0.70725490E-01
   2   21   11    0.00000000E+00  -0.61656861E-01  -0.61656861E-01
   2   21   12    0.00000000E+00  -0.52293449E-01  -0.52293449E-01
   2   21   13    0.00000000E+00  -0.42935656E-01  -0.42935656E-01
   2   21   14    0.00000000E+00  -0.33885753E-01  -0.33885753E-01
   2   21   15    0.00000000E+00  -0.25435681E-01  -0.25435681E-01
   2   21   16    0.00000000E+00  -0.17856560E-01  -0.17856560E-01
   2   21   17    0.00000000E+00  -0.11389857E-01  -0.11389857E-01
   2   21   18    0.00000000E+00  -0.62401113E-02  -0.62401113E-02
   2   21   19    0.00000000E+00  -0.25690934E-02  -0.25690934E-02
   2   21   20    0.00000000E+00  -0.49077720E-03  -0.49077720E-03
   2   21   21    0.00000000E+00   0.00000000E+00   0.00000000E+00
